#
# Canon EOS 650D, silent picture in photo mode
#
N :: 650D :: Silent_1808x727 :: 650D_Silent_1808x727.DNG :: 2085

740, 262, 996, 430, 8, 12
736, 268, 992, 436, 8, 12
739, 299, 995, 311, 8, 12
739, 359, 995, 371, 8, 12
735, 305, 991, 317, 8, 12
735, 365, 991, 377, 8, 12
 
548, 310, 732, 310, 8, 12
544, 316, 728, 316, 8, 12
547, 311, 731, 311, 8, 12
543, 317, 727, 317, 8, 12
 
548, 334, 732, 358, 8, 12
544, 340, 728, 364, 8, 12
 
548, 382, 1188, 382, 8, 12
544, 388, 1184, 388, 8, 12
 
1004, 310, 1188, 310, 8, 12
1000, 316, 1184, 316, 8, 12
1003, 311, 1187, 311, 8, 12
999, 317, 1183, 317, 8, 12
 
1004, 334, 1188, 358, 8, 12
1000, 340, 1184, 364, 8, 12
 
547, 335, 1187, 359, 8, 12
543, 341, 1183, 365, 8, 12
 
739, 263, 995, 287, 8, 12
735, 269, 991, 293, 8, 12
739, 323, 995, 323, 8, 12
735, 329, 991, 329, 8, 12
 
547, 383, 1187, 383, 8, 12
543, 389, 1183, 398, 8, 9
 
735, 401, 991, 437, 8, 12
 
739, 395, 995, 431, 8, 12

