0, 0
9, 0
12, 0
30, 0
33, 0
64, 0
89, 0
136, 0
150, 0
169, 0
176, 0
212, 0
244, 0
248, 0
273, 0
304, 0
329, 0
337, 0
349, 0
357, 0
405, 0
440, 0
441, 0
444, 0
488, 0
489, 0
521, 0
532, 0
549, 0
572, 0
681, 0
689, 0
737, 0
756, 0
788, 0
804, 0
812, 0
840, 0
844, 0
860, 0
870, 0
881, 0
908, 0
913, 0
921, 0
993, 0
1012, 0
1081, 0
1097, 0
1164, 0
1168, 0
1189, 0
1253, 0
1296, 0
1305, 0
1312, 0
1313, 0
1325, 0
1336, 0
1337, 0
1341, 0
1353, 0
1364, 0
1372, 0
1377, 0
1381, 0
1389, 0
1405, 0
1416, 0
1456, 0
1464, 0
1469, 0
1520, 0
1576, 0
1597, 0
1600, 0
1601, 0
1609, 0
1612, 0
1624, 0
1637, 0
1664, 0
1665, 0
1685, 0
1686, 0
1688, 0
1694, 0
1701, 0
1721, 0
1729, 0
1748, 0
1768, 0
1804, 0
21, 1
88, 1
113, 1
944, 1
315, 10
515, 10
539, 10
730, 10
63, 11
34, 12
611, 12
43, 13
1610, 13
1776, 13
469, 14
619, 14
1090, 14
211, 16
31, 17
566, 18
560, 19
278, 21
508, 22
1491, 23
540, 24
48, 25
647, 25
1771, 25
569, 26
996, 27
2, 30
1496, 30
1032, 31
1250, 31
269, 33
309, 33
1302, 33
1482, 33
323, 34
619, 34
1368, 34
1768, 34
1384, 35
310, 36
34, 37
873, 37
1571, 37
43, 38
36, 39
1744, 41
1733, 43
270, 44
1611, 44
1759, 44
1042, 46
707, 49
304, 53
816, 55
1239, 55
1749, 58
1515, 59
990, 60
1109, 60
251, 61
1355, 62
1753, 62
33, 63
1178, 63
1237, 63
918, 64
1764, 64
43, 65
1331, 65
902, 66
1304, 66
1460, 66
990, 67
51, 68
4, 69
1022, 69
1324, 70
17, 71
468, 71
1218, 72
13, 73
26, 73
45, 73
1240, 73
1005, 75
1389, 75
151, 76
581, 76
849, 77
17, 78
734, 78
336, 79
54, 80
1230, 80
56, 82
992, 82
1505, 82
1532, 82
1332, 83
1459, 84
1229, 87
73, 88
45, 89
936, 89
26, 90
857, 90
1613, 90
442, 91
682, 91
1726, 91
1767, 92
1772, 92
1098, 93
1347, 93
967, 94
515, 96
1444, 96
46, 99
678, 99
1571, 100
1171, 101
1549, 101
517, 103
1116, 103
1461, 104
376, 105
758, 105
202, 107
527, 108
1100, 109
443, 110
854, 110
1352, 110
5, 111
186, 111
552, 112
1442, 112
28, 113
35, 113
1405, 115
23, 116
26, 117
1012, 117
904, 118
1440, 118
542, 121
1538, 121
209, 123
1428, 123
479, 124
1283, 125
368, 126
1304, 126
13, 127
1612, 128
1695, 129
85, 130
1690, 130
1387, 131
1284, 132
66, 133
1637, 133
31, 134
1518, 134
1, 135
1118, 136
22, 137
1250, 137
39, 138
641, 139
1666, 139
1260, 140
1245, 141
1346, 141
1633, 141
170, 142
662, 143
1137, 143
1327, 144
229, 145
976, 145
1007, 145
1689, 145
470, 146
727, 147
1299, 147
1316, 147
30, 148
214, 148
1248, 148
1649, 148
652, 149
840, 149
1107, 149
1231, 149
1541, 151
744, 152
749, 153
0, 154
580, 154
1660, 154
1723, 154
1044, 155
293, 157
788, 157
1171, 157
1304, 157
595, 158
36, 160
1093, 160
176, 161
332, 161
1200, 161
1247, 163
1194, 165
431, 166
996, 166
498, 167
756, 167
13, 168
1690, 168
1136, 169
1279, 169
19, 170
1763, 170
52, 171
770, 172
238, 173
274, 173
620, 173
52, 176
136, 176
14, 177
1568, 177
1042, 178
1761, 179
1, 180
1064, 180
1330, 180
1543, 180
1774, 180
23, 181
257, 182
1175, 182
1356, 182
1085, 183
1425, 183
1722, 183
1099, 184
1206, 185
1417, 185
281, 186
1036, 186
1120, 187
1369, 187
653, 188
903, 188
905, 188
445, 189
741, 189
255, 191
697, 193
494, 194
727, 194
1521, 194
51, 196
936, 196
17, 197
134, 197
894, 198
1085, 198
427, 199
768, 201
802, 202
844, 202
964, 202
1779, 202
1, 203
1150, 203
1689, 203
1140, 204
930, 205
1216, 205
1284, 205
10, 207
151, 207
44, 208
639, 209
1201, 209
65, 210
1591, 210
753, 211
741, 213
1349, 213
376, 214
1259, 214
189, 216
854, 216
10, 218
263, 218
763, 219
917, 219
151, 220
1064, 220
1414, 220
53, 221
1749, 221
1779, 221
645, 223
1125, 224
1477, 224
989, 225
1751, 225
773, 226
984, 226
1807, 226
772, 227
952, 228
461, 229
496, 229
1605, 229
307, 230
1785, 230
275, 231
584, 231
1356, 231
1577, 231
39, 232
1156, 234
1631, 234
1000, 235
1138, 235
1574, 235
873, 237
1144, 237
325, 238
1452, 238
1548, 238
22, 239
1403, 240
1524, 240
23, 241
718, 241
802, 242
1282, 242
229, 243
1407, 243
340, 244
913, 244
1566, 244
558, 245
1311, 245
277, 246
639, 246
697, 247
55, 248
409, 248
1374, 248
1735, 249
683, 250
1376, 250
1651, 250
1289, 251
1564, 251
1210, 252
1501, 252
20, 253
22, 253
1376, 255
57, 256
340, 256
1511, 256
170, 257
1355, 258
979, 260
1460, 260
536, 261
789, 261
1590, 261
1772, 261
567, 262
777, 262
1477, 262
423, 263
1060, 264
270, 265
960, 265
1480, 265
13, 267
862, 267
1300, 267
8, 268
1224, 268
632, 269
1037, 269
1068, 269
1794, 269
8, 270
618, 270
1307, 270
1541, 270
38, 271
1473, 271
298, 272
998, 272
1273, 272
1444, 272
55, 275
1579, 275
843, 276
46, 277
1485, 277
31, 278
581, 278
890, 278
1439, 279
1186, 280
32, 282
900, 282
1634, 282
52, 284
578, 284
847, 284
62, 287
128, 287
220, 287
1096, 287
1345, 287
598, 288
1702, 289
1732, 289
102, 290
110, 290
134, 290
158, 290
174, 290
238, 290
262, 290
270, 290
278, 290
286, 290
294, 290
302, 290
318, 290
406, 290
430, 290
438, 290
446, 290
454, 290
478, 290
486, 290
598, 290
614, 290
630, 290
662, 290
670, 290
678, 290
734, 290
750, 290
758, 290
790, 290
806, 290
870, 290
934, 290
1014, 290
1046, 290
1094, 290
1118, 290
1126, 290
1134, 290
1142, 290
1174, 290
1190, 290
1198, 290
1206, 290
1222, 290
1230, 290
1270, 290
1334, 290
1406, 290
1430, 290
1486, 290
1502, 290
1518, 290
1550, 290
1558, 290
1574, 290
1582, 290
1622, 290
1638, 290
1646, 290
1702, 290
1718, 290
1726, 290
1730, 290
1750, 290
1790, 290
77, 291
109, 291
117, 291
141, 291
165, 291
181, 291
189, 291
237, 291
245, 291
261, 291
365, 291
421, 291
429, 291
461, 291
509, 291
517, 291
525, 291
533, 291
557, 291
597, 291
653, 291
661, 291
669, 291
709, 291
717, 291
781, 291
805, 291
853, 291
877, 291
917, 291
965, 291
973, 291
997, 291
1029, 291
1053, 291
1061, 291
1085, 291
1109, 291
1133, 291
1141, 291
1149, 291
1173, 291
1181, 291
1197, 291
1205, 291
1221, 291
1229, 291
1237, 291
1245, 291
1285, 291
1301, 291
1349, 291
1357, 291
1365, 291
1413, 291
1429, 291
1469, 291
1485, 291
1493, 291
1509, 291
1557, 291
1565, 291
1605, 291
1629, 291
1693, 291
1717, 291
1725, 291
1741, 291
1773, 291
1789, 291
1805, 291
455, 294
1169, 294
89, 295
984, 295
98, 296
122, 296
130, 296
138, 296
162, 296
178, 296
194, 296
202, 296
226, 296
242, 296
370, 296
378, 296
402, 296
410, 296
450, 296
458, 296
506, 296
530, 296
538, 296
554, 296
562, 296
570, 296
578, 296
586, 296
690, 296
714, 296
730, 296
754, 296
770, 296
778, 296
858, 296
898, 296
938, 296
962, 296
970, 296
1010, 296
1018, 296
1034, 296
1050, 296
1058, 296
1138, 296
1154, 296
1186, 296
1194, 296
1210, 296
1218, 296
1226, 296
1242, 296
1266, 296
1282, 296
1298, 296
1322, 296
1330, 296
1370, 296
1386, 296
1394, 296
1434, 296
1442, 296
1450, 296
1474, 296
1514, 296
1522, 296
1546, 296
1554, 296
1562, 296
1602, 296
1610, 296
1634, 296
1650, 296
1666, 296
1674, 296
1690, 296
1714, 296
1730, 296
1754, 296
1762, 296
1770, 296
81, 297
89, 297
129, 297
137, 297
145, 297
177, 297
193, 297
313, 297
321, 297
353, 297
361, 297
377, 297
401, 297
417, 297
425, 297
441, 297
497, 297
513, 297
521, 297
545, 297
561, 297
577, 297
601, 297
625, 297
633, 297
689, 297
705, 297
777, 297
793, 297
809, 297
833, 297
865, 297
913, 297
929, 297
945, 297
961, 297
969, 297
985, 297
1041, 297
1057, 297
1065, 297
1081, 297
1089, 297
1097, 297
1113, 297
1121, 297
1137, 297
1153, 297
1161, 297
1209, 297
1217, 297
1313, 297
1329, 297
1345, 297
1369, 297
1377, 297
1441, 297
1449, 297
1465, 297
1537, 297
1545, 297
1601, 297
1609, 297
1623, 297
1625, 297
1665, 297
1681, 297
1785, 297
1793, 297
847, 298
818, 299
677, 300
864, 300
1431, 300
733, 301
110, 302
158, 302
174, 302
262, 302
270, 302
278, 302
286, 302
294, 302
302, 302
366, 302
406, 302
438, 302
446, 302
454, 302
478, 302
486, 302
598, 302
630, 302
662, 302
670, 302
678, 302
734, 302
750, 302
758, 302
790, 302
806, 302
814, 302
870, 302
934, 302
1014, 302
1030, 302
1046, 302
1078, 302
1094, 302
1118, 302
1134, 302
1142, 302
1190, 302
1198, 302
1222, 302
1230, 302
1239, 302
1373, 302
1406, 302
1430, 302
1486, 302
1502, 302
1518, 302
1550, 302
1574, 302
1582, 302
1622, 302
1630, 302
1638, 302
1646, 302
1670, 302
1702, 302
1718, 302
1726, 302
1750, 302
1790, 302
77, 303
85, 303
101, 303
109, 303
117, 303
141, 303
165, 303
189, 303
237, 303
261, 303
365, 303
421, 303
429, 303
461, 303
509, 303
517, 303
533, 303
549, 303
557, 303
581, 303
597, 303
653, 303
661, 303
669, 303
765, 303
781, 303
805, 303
845, 303
853, 303
877, 303
917, 303
965, 303
973, 303
997, 303
1053, 303
1061, 303
1085, 303
1109, 303
1141, 303
1149, 303
1173, 303
1181, 303
1197, 303
1205, 303
1221, 303
1229, 303
1237, 303
1245, 303
1285, 303
1301, 303
1357, 303
1365, 303
1413, 303
1429, 303
1469, 303
1485, 303
1509, 303
1533, 303
1557, 303
1565, 303
1629, 303
1693, 303
1717, 303
1725, 303
1741, 303
1773, 303
1789, 303
1805, 303
1465, 305
498, 306
612, 307
811, 307
1508, 307
36, 308
45, 308
90, 308
98, 308
122, 308
138, 308
162, 308
178, 308
194, 308
202, 308
226, 308
242, 308
370, 308
378, 308
386, 308
402, 308
410, 308
450, 308
458, 308
506, 308
538, 308
554, 308
562, 308
578, 308
602, 308
690, 308
714, 308
730, 308
754, 308
770, 308
778, 308
858, 308
898, 308
962, 308
1010, 308
1018, 308
1034, 308
1050, 308
1058, 308
1138, 308
1154, 308
1186, 308
1194, 308
1200, 308
1210, 308
1218, 308
1226, 308
1242, 308
1266, 308
1282, 308
1298, 308
1322, 308
1330, 308
1346, 308
1386, 308
1394, 308
1410, 308
1434, 308
1442, 308
1474, 308
1506, 308
1514, 308
1522, 308
1546, 308
1554, 308
1562, 308
1602, 308
1610, 308
1634, 308
1650, 308
1666, 308
1674, 308
1690, 308
1714, 308
1730, 308
1754, 308
1762, 308
1770, 308
81, 309
89, 309
97, 309
129, 309
137, 309
145, 309
177, 309
193, 309
313, 309
321, 309
353, 309
361, 309
377, 309
401, 309
417, 309
425, 309
441, 309
465, 309
497, 309
513, 309
545, 309
561, 309
633, 309
641, 309
689, 309
705, 309
753, 309
777, 309
793, 309
807, 309
809, 309
833, 309
865, 309
913, 309
945, 309
961, 309
969, 309
985, 309
1041, 309
1057, 309
1065, 309
1081, 309
1089, 309
1097, 309
1113, 309
1121, 309
1137, 309
1153, 309
1161, 309
1177, 309
1217, 309
1305, 309
1313, 309
1329, 309
1345, 309
1369, 309
1377, 309
1385, 309
1425, 309
1441, 309
1449, 309
1465, 309
1521, 309
1537, 309
1545, 309
1601, 309
1609, 309
1625, 309
1649, 309
1665, 309
1681, 309
1785, 309
1793, 309
1505, 310
713, 311
929, 311
1088, 311
102, 314
110, 314
134, 314
158, 314
174, 314
238, 314
254, 314
262, 314
270, 314
278, 314
286, 314
294, 314
302, 314
366, 314
406, 314
438, 314
446, 314
454, 314
478, 314
486, 314
598, 314
630, 314
662, 314
670, 314
734, 314
750, 314
758, 314
790, 314
806, 314
814, 314
966, 314
1014, 314
1046, 314
1078, 314
1086, 314
1094, 314
1118, 314
1126, 314
1134, 314
1142, 314
1174, 314
1190, 314
1198, 314
1206, 314
1222, 314
1230, 314
1270, 314
1350, 314
1406, 314
1430, 314
1486, 314
1502, 314
1518, 314
1550, 314
1574, 314
1590, 314
1622, 314
1630, 314
1638, 314
1646, 314
1654, 314
1702, 314
1718, 314
1726, 314
1750, 314
1790, 314
77, 315
85, 315
109, 315
117, 315
141, 315
165, 315
189, 315
237, 315
261, 315
365, 315
405, 315
421, 315
429, 315
461, 315
509, 315
517, 315
525, 315
533, 315
549, 315
557, 315
581, 315
597, 315
653, 315
661, 315
669, 315
717, 315
736, 315
781, 315
805, 315
845, 315
853, 315
877, 315
917, 315
953, 315
965, 315
973, 315
997, 315
1029, 315
1053, 315
1061, 315
1085, 315
1141, 315
1149, 315
1173, 315
1181, 315
1197, 315
1205, 315
1221, 315
1237, 315
1245, 315
1285, 315
1301, 315
1357, 315
1365, 315
1413, 315
1429, 315
1469, 315
1509, 315
1557, 315
1565, 315
1629, 315
1693, 315
1717, 315
1725, 315
1741, 315
1773, 315
1789, 315
35, 316
267, 316
1214, 316
834, 317
1541, 317
1296, 319
98, 320
115, 320
122, 320
162, 320
178, 320
202, 320
226, 320
242, 320
370, 320
378, 320
386, 320
402, 320
410, 320
450, 320
458, 320
506, 320
530, 320
538, 320
554, 320
562, 320
578, 320
690, 320
698, 320
714, 320
730, 320
754, 320
770, 320
778, 320
858, 320
898, 320
962, 320
1010, 320
1018, 320
1034, 320
1058, 320
1066, 320
1106, 320
1138, 320
1154, 320
1186, 320
1210, 320
1218, 320
1226, 320
1242, 320
1266, 320
1282, 320
1322, 320
1330, 320
1346, 320
1386, 320
1394, 320
1410, 320
1434, 320
1442, 320
1474, 320
1506, 320
1514, 320
1522, 320
1538, 320
1546, 320
1554, 320
1562, 320
1602, 320
1610, 320
1634, 320
1650, 320
1666, 320
1674, 320
1690, 320
1714, 320
1730, 320
1754, 320
1770, 320
81, 321
89, 321
129, 321
137, 321
145, 321
177, 321
193, 321
201, 321
313, 321
321, 321
353, 321
361, 321
377, 321
401, 321
417, 321
425, 321
441, 321
497, 321
513, 321
545, 321
561, 321
601, 321
625, 321
633, 321
641, 321
689, 321
705, 321
753, 321
777, 321
793, 321
809, 321
833, 321
865, 321
913, 321
945, 321
961, 321
969, 321
1001, 321
1017, 321
1041, 321
1057, 321
1065, 321
1081, 321
1089, 321
1097, 321
1113, 321
1121, 321
1137, 321
1153, 321
1161, 321
1209, 321
1217, 321
1241, 321
1313, 321
1321, 321
1329, 321
1345, 321
1369, 321
1377, 321
1425, 321
1441, 321
1449, 321
1465, 321
1537, 321
1545, 321
1601, 321
1609, 321
1625, 321
1665, 321
1681, 321
1785, 321
1793, 321
44, 322
944, 322
625, 323
1382, 324
622, 325
110, 326
134, 326
174, 326
198, 326
238, 326
254, 326
262, 326
270, 326
278, 326
286, 326
294, 326
302, 326
358, 326
366, 326
406, 326
428, 326
430, 326
438, 326
446, 326
454, 326
478, 326
486, 326
582, 326
598, 326
614, 326
630, 326
662, 326
670, 326
678, 326
734, 326
750, 326
758, 326
790, 326
806, 326
870, 326
926, 326
966, 326
1046, 326
1078, 326
1094, 326
1118, 326
1126, 326
1134, 326
1142, 326
1190, 326
1198, 326
1206, 326
1222, 326
1230, 326
1390, 326
1406, 326
1430, 326
1448, 326
1486, 326
1502, 326
1518, 326
1550, 326
1558, 326
1622, 326
1630, 326
1638, 326
1646, 326
1654, 326
1702, 326
1718, 326
1726, 326
1750, 326
1790, 326
77, 327
85, 327
101, 327
109, 327
117, 327
141, 327
157, 327
165, 327
181, 327
189, 327
237, 327
261, 327
365, 327
421, 327
429, 327
461, 327
509, 327
517, 327
533, 327
549, 327
557, 327
597, 327
653, 327
661, 327
669, 327
717, 327
781, 327
805, 327
845, 327
853, 327
877, 327
917, 327
965, 327
973, 327
997, 327
1053, 327
1061, 327
1085, 327
1092, 327
1141, 327
1149, 327
1173, 327
1181, 327
1197, 327
1205, 327
1221, 327
1229, 327
1237, 327
1245, 327
1285, 327
1301, 327
1357, 327
1365, 327
1413, 327
1429, 327
1469, 327
1485, 327
1509, 327
1557, 327
1565, 327
1605, 327
1629, 327
1670, 327
1693, 327
1717, 327
1725, 327
1741, 327
1773, 327
1805, 327
375, 328
1252, 328
1620, 328
773, 329
1485, 329
908, 330
1434, 331
98, 332
122, 332
138, 332
162, 332
178, 332
202, 332
226, 332
242, 332
370, 332
378, 332
386, 332
402, 332
410, 332
450, 332
458, 332
506, 332
538, 332
554, 332
562, 332
578, 332
690, 332
698, 332
714, 332
730, 332
754, 332
770, 332
778, 332
858, 332
898, 332
962, 332
970, 332
1010, 332
1018, 332
1034, 332
1050, 332
1058, 332
1138, 332
1154, 332
1186, 332
1194, 332
1210, 332
1218, 332
1226, 332
1242, 332
1266, 332
1298, 332
1322, 332
1330, 332
1346, 332
1370, 332
1386, 332
1394, 332
1410, 332
1434, 332
1442, 332
1474, 332
1506, 332
1514, 332
1522, 332
1538, 332
1546, 332
1554, 332
1562, 332
1602, 332
1610, 332
1634, 332
1650, 332
1666, 332
1674, 332
1690, 332
1714, 332
1730, 332
1754, 332
1762, 332
1770, 332
81, 333
89, 333
97, 333
129, 333
137, 333
145, 333
177, 333
193, 333
201, 333
313, 333
321, 333
344, 333
353, 333
361, 333
377, 333
417, 333
425, 333
441, 333
465, 333
497, 333
513, 333
537, 333
545, 333
561, 333
577, 333
601, 333
625, 333
633, 333
642, 333
689, 333
705, 333
777, 333
793, 333
833, 333
865, 333
945, 333
961, 333
969, 333
977, 333
985, 333
1041, 333
1057, 333
1065, 333
1081, 333
1089, 333
1097, 333
1113, 333
1121, 333
1137, 333
1153, 333
1161, 333
1177, 333
1209, 333
1217, 333
1281, 333
1313, 333
1329, 333
1345, 333
1369, 333
1377, 333
1441, 333
1449, 333
1465, 333
1537, 333
1545, 333
1569, 333
1601, 333
1609, 333
1625, 333
1649, 333
1665, 333
1681, 333
1689, 333
1785, 333
1793, 333
1378, 335
1802, 336
1497, 337
102, 338
110, 338
174, 338
190, 338
230, 338
262, 338
270, 338
278, 338
286, 338
294, 338
302, 338
366, 338
406, 338
438, 338
446, 338
454, 338
478, 338
486, 338
582, 338
598, 338
614, 338
630, 338
633, 338
662, 338
670, 338
734, 338
750, 338
758, 338
790, 338
806, 338
870, 338
903, 338
934, 338
1014, 338
1046, 338
1086, 338
1094, 338
1118, 338
1126, 338
1134, 338
1142, 338
1190, 338
1198, 338
1206, 338
1222, 338
1230, 338
1406, 338
1430, 338
1486, 338
1502, 338
1518, 338
1526, 338
1550, 338
1574, 338
1622, 338
1638, 338
1646, 338
1702, 338
1718, 338
1726, 338
1750, 338
1790, 338
77, 339
101, 339
109, 339
117, 339
141, 339
165, 339
181, 339
189, 339
237, 339
261, 339
365, 339
421, 339
429, 339
461, 339
509, 339
517, 339
525, 339
533, 339
549, 339
557, 339
581, 339
597, 339
653, 339
661, 339
669, 339
709, 339
717, 339
781, 339
805, 339
829, 339
845, 339
853, 339
877, 339
904, 339
917, 339
965, 339
973, 339
997, 339
1029, 339
1053, 339
1061, 339
1085, 339
1109, 339
1141, 339
1149, 339
1173, 339
1181, 339
1197, 339
1205, 339
1221, 339
1229, 339
1237, 339
1245, 339
1285, 339
1301, 339
1349, 339
1357, 339
1365, 339
1413, 339
1429, 339
1469, 339
1485, 339
1509, 339
1557, 339
1565, 339
1629, 339
1693, 339
1717, 339
1725, 339
1741, 339
1789, 339
1805, 339
1638, 340
572, 341
858, 341
1733, 342
1457, 343
1561, 343
98, 344
122, 344
138, 344
162, 344
178, 344
202, 344
226, 344
242, 344
370, 344
378, 344
386, 344
402, 344
410, 344
450, 344
458, 344
506, 344
538, 344
554, 344
562, 344
570, 344
586, 344
690, 344
698, 344
714, 344
730, 344
754, 344
770, 344
778, 344
858, 344
898, 344
962, 344
1010, 344
1018, 344
1034, 344
1050, 344
1058, 344
1138, 344
1154, 344
1186, 344
1194, 344
1210, 344
1218, 344
1226, 344
1266, 344
1282, 344
1322, 344
1330, 344
1386, 344
1394, 344
1434, 344
1442, 344
1450, 344
1458, 344
1474, 344
1506, 344
1522, 344
1538, 344
1546, 344
1554, 344
1562, 344
1602, 344
1610, 344
1634, 344
1650, 344
1666, 344
1674, 344
1714, 344
1730, 344
1754, 344
1762, 344
1770, 344
81, 345
89, 345
97, 345
113, 345
129, 345
137, 345
145, 345
177, 345
193, 345
281, 345
313, 345
353, 345
361, 345
369, 345
377, 345
401, 345
417, 345
425, 345
441, 345
465, 345
497, 345
513, 345
521, 345
545, 345
561, 345
633, 345
689, 345
705, 345
779, 345
793, 345
833, 345
865, 345
945, 345
961, 345
969, 345
977, 345
985, 345
1001, 345
1010, 345
1041, 345
1057, 345
1065, 345
1081, 345
1089, 345
1097, 345
1113, 345
1121, 345
1137, 345
1153, 345
1161, 345
1209, 345
1217, 345
1241, 345
1281, 345
1313, 345
1321, 345
1329, 345
1345, 345
1369, 345
1377, 345
1436, 345
1441, 345
1449, 345
1465, 345
1537, 345
1545, 345
1609, 345
1625, 345
1649, 345
1665, 345
1681, 345
1785, 345
1793, 345
35, 346
177, 347
341, 347
1194, 347
57, 348
632, 348
1163, 348
800, 349
102, 350
110, 350
158, 350
174, 350
238, 350
262, 350
270, 350
278, 350
286, 350
294, 350
302, 350
366, 350
406, 350
438, 350
446, 350
454, 350
478, 350
486, 350
582, 350
598, 350
630, 350
662, 350
670, 350
734, 350
750, 350
758, 350
790, 350
806, 350
814, 350
870, 350
934, 350
966, 350
1014, 350
1022, 350
1046, 350
1078, 350
1094, 350
1110, 350
1118, 350
1126, 350
1134, 350
1142, 350
1190, 350
1198, 350
1222, 350
1230, 350
1334, 350
1390, 350
1406, 350
1430, 350
1486, 350
1502, 350
1518, 350
1550, 350
1558, 350
1574, 350
1582, 350
1590, 350
1622, 350
1630, 350
1638, 350
1646, 350
1702, 350
1718, 350
1726, 350
1750, 350
1790, 350
77, 351
85, 351
101, 351
109, 351
117, 351
141, 351
165, 351
181, 351
189, 351
229, 351
237, 351
261, 351
365, 351
389, 351
421, 351
429, 351
461, 351
509, 351
517, 351
533, 351
549, 351
557, 351
597, 351
653, 351
661, 351
669, 351
717, 351
781, 351
805, 351
829, 351
845, 351
853, 351
877, 351
917, 351
933, 351
965, 351
973, 351
997, 351
1029, 351
1053, 351
1061, 351
1085, 351
1109, 351
1133, 351
1141, 351
1149, 351
1173, 351
1181, 351
1197, 351
1205, 351
1221, 351
1237, 351
1245, 351
1285, 351
1301, 351
1349, 351
1357, 351
1365, 351
1413, 351
1429, 351
1469, 351
1485, 351
1509, 351
1541, 351
1557, 351
1565, 351
1605, 351
1629, 351
1693, 351
1717, 351
1725, 351
1741, 351
1805, 351
1253, 353
131, 354
1047, 354
7, 355
1262, 355
82, 356
98, 356
122, 356
138, 356
162, 356
178, 356
202, 356
226, 356
242, 356
370, 356
378, 356
386, 356
402, 356
410, 356
450, 356
458, 356
506, 356
554, 356
562, 356
570, 356
690, 356
714, 356
730, 356
754, 356
770, 356
778, 356
858, 356
898, 356
938, 356
962, 356
1010, 356
1018, 356
1034, 356
1050, 356
1058, 356
1138, 356
1154, 356
1186, 356
1194, 356
1210, 356
1218, 356
1226, 356
1242, 356
1266, 356
1298, 356
1322, 356
1330, 356
1386, 356
1394, 356
1434, 356
1442, 356
1450, 356
1458, 356
1474, 356
1506, 356
1514, 356
1522, 356
1530, 356
1538, 356
1546, 356
1554, 356
1562, 356
1602, 356
1610, 356
1634, 356
1650, 356
1666, 356
1674, 356
1690, 356
1714, 356
1730, 356
1754, 356
1762, 356
1770, 356
81, 357
89, 357
97, 357
113, 357
129, 357
137, 357
145, 357
177, 357
193, 357
313, 357
353, 357
361, 357
377, 357
417, 357
425, 357
441, 357
465, 357
497, 357
513, 357
521, 357
540, 357
545, 357
561, 357
577, 357
601, 357
625, 357
633, 357
689, 357
705, 357
753, 357
777, 357
793, 357
833, 357
865, 357
945, 357
961, 357
969, 357
985, 357
1017, 357
1041, 357
1057, 357
1065, 357
1081, 357
1097, 357
1113, 357
1121, 357
1137, 357
1153, 357
1161, 357
1209, 357
1217, 357
1281, 357
1305, 357
1313, 357
1321, 357
1329, 357
1345, 357
1369, 357
1377, 357
1441, 357
1449, 357
1465, 357
1537, 357
1545, 357
1601, 357
1609, 357
1625, 357
1665, 357
1681, 357
1785, 357
1793, 357
1373, 359
1523, 359
537, 360
102, 362
110, 362
174, 362
238, 362
254, 362
262, 362
270, 362
278, 362
286, 362
294, 362
302, 362
366, 362
406, 362
422, 362
438, 362
446, 362
454, 362
478, 362
486, 362
582, 362
598, 362
614, 362
630, 362
662, 362
670, 362
678, 362
734, 362
758, 362
790, 362
806, 362
870, 362
966, 362
1014, 362
1046, 362
1094, 362
1110, 362
1118, 362
1126, 362
1134, 362
1142, 362
1174, 362
1190, 362
1198, 362
1222, 362
1334, 362
1350, 362
1406, 362
1430, 362
1486, 362
1502, 362
1518, 362
1550, 362
1574, 362
1590, 362
1622, 362
1630, 362
1638, 362
1646, 362
1670, 362
1702, 362
1718, 362
1750, 362
1790, 362
77, 363
85, 363
109, 363
117, 363
141, 363
165, 363
181, 363
189, 363
237, 363
261, 363
317, 363
365, 363
389, 363
405, 363
421, 363
429, 363
461, 363
509, 363
517, 363
525, 363
533, 363
557, 363
597, 363
653, 363
661, 363
669, 363
717, 363
781, 363
805, 363
845, 363
853, 363
877, 363
917, 363
965, 363
973, 363
997, 363
1029, 363
1053, 363
1061, 363
1085, 363
1133, 363
1141, 363
1149, 363
1173, 363
1181, 363
1197, 363
1205, 363
1221, 363
1229, 363
1237, 363
1245, 363
1285, 363
1301, 363
1349, 363
1357, 363
1365, 363
1413, 363
1429, 363
1469, 363
1485, 363
1509, 363
1541, 363
1557, 363
1565, 363
1629, 363
1693, 363
1717, 363
1725, 363
1741, 363
1789, 363
1805, 363
1195, 364
1555, 364
454, 365
909, 365
1305, 365
98, 368
122, 368
138, 368
162, 368
178, 368
202, 368
226, 368
242, 368
266, 368
370, 368
378, 368
386, 368
402, 368
410, 368
450, 368
458, 368
486, 368
506, 368
538, 368
554, 368
562, 368
594, 368
690, 368
698, 368
714, 368
730, 368
754, 368
762, 368
770, 368
778, 368
858, 368
898, 368
938, 368
962, 368
1010, 368
1018, 368
1026, 368
1034, 368
1050, 368
1058, 368
1106, 368
1138, 368
1154, 368
1186, 368
1194, 368
1210, 368
1218, 368
1226, 368
1242, 368
1266, 368
1282, 368
1298, 368
1322, 368
1330, 368
1346, 368
1370, 368
1386, 368
1394, 368
1410, 368
1434, 368
1442, 368
1474, 368
1506, 368
1514, 368
1522, 368
1538, 368
1546, 368
1554, 368
1562, 368
1602, 368
1610, 368
1634, 368
1650, 368
1666, 368
1674, 368
1690, 368
1714, 368
1730, 368
1754, 368
1762, 368
1770, 368
1803, 368
21, 369
81, 369
89, 369
97, 369
113, 369
129, 369
137, 369
145, 369
177, 369
193, 369
201, 369
281, 369
321, 369
353, 369
361, 369
377, 369
417, 369
425, 369
441, 369
465, 369
497, 369
513, 369
537, 369
545, 369
601, 369
633, 369
686, 369
689, 369
705, 369
753, 369
777, 369
793, 369
809, 369
833, 369
865, 369
945, 369
961, 369
969, 369
1041, 369
1057, 369
1065, 369
1081, 369
1097, 369
1113, 369
1121, 369
1137, 369
1153, 369
1161, 369
1209, 369
1217, 369
1289, 369
1305, 369
1313, 369
1316, 369
1321, 369
1329, 369
1345, 369
1369, 369
1372, 369
1377, 369
1441, 369
1461, 369
1465, 369
1537, 369
1545, 369
1601, 369
1609, 369
1625, 369
1665, 369
1681, 369
1785, 369
1793, 369
64, 370
889, 370
6, 372
211, 372
637, 372
803, 372
1753, 372
1133, 373
1223, 373
102, 374
110, 374
134, 374
158, 374
174, 374
238, 374
254, 374
262, 374
270, 374
278, 374
286, 374
302, 374
366, 374
406, 374
438, 374
446, 374
454, 374
478, 374
486, 374
582, 374
598, 374
630, 374
647, 374
662, 374
670, 374
678, 374
734, 374
750, 374
758, 374
790, 374
806, 374
814, 374
870, 374
926, 374
934, 374
966, 374
1014, 374
1046, 374
1078, 374
1086, 374
1094, 374
1098, 374
1118, 374
1126, 374
1134, 374
1142, 374
1174, 374
1190, 374
1198, 374
1222, 374
1262, 374
1270, 374
1334, 374
1350, 374
1406, 374
1430, 374
1502, 374
1518, 374
1550, 374
1558, 374
1574, 374
1590, 374
1622, 374
1630, 374
1638, 374
1646, 374
1702, 374
1718, 374
1726, 374
1750, 374
1790, 374
77, 375
101, 375
109, 375
117, 375
141, 375
157, 375
165, 375
181, 375
189, 375
229, 375
237, 375
261, 375
365, 375
405, 375
421, 375
429, 375
461, 375
477, 375
509, 375
517, 375
525, 375
533, 375
557, 375
581, 375
597, 375
613, 375
653, 375
661, 375
669, 375
709, 375
717, 375
781, 375
805, 375
829, 375
845, 375
853, 375
877, 375
917, 375
965, 375
997, 375
1029, 375
1053, 375
1061, 375
1085, 375
1133, 375
1141, 375
1149, 375
1173, 375
1181, 375
1197, 375
1205, 375
1221, 375
1229, 375
1237, 375
1245, 375
1285, 375
1301, 375
1334, 375
1349, 375
1357, 375
1365, 375
1413, 375
1429, 375
1469, 375
1485, 375
1509, 375
1541, 375
1557, 375
1565, 375
1605, 375
1629, 375
1693, 375
1717, 375
1725, 375
1741, 375
1773, 375
1789, 375
1805, 375
33, 377
775, 377
723, 378
1559, 378
1754, 378
99, 379
1766, 379
56, 380
98, 380
110, 380
122, 380
138, 380
162, 380
178, 380
202, 380
226, 380
242, 380
370, 380
378, 380
386, 380
410, 380
450, 380
458, 380
506, 380
538, 380
554, 380
562, 380
586, 380
690, 380
698, 380
714, 380
730, 380
754, 380
770, 380
778, 380
858, 380
873, 380
898, 380
938, 380
962, 380
970, 380
1010, 380
1018, 380
1026, 380
1034, 380
1036, 380
1050, 380
1058, 380
1138, 380
1154, 380
1186, 380
1194, 380
1210, 380
1218, 380
1226, 380
1242, 380
1266, 380
1282, 380
1298, 380
1322, 380
1330, 380
1346, 380
1386, 380
1394, 380
1410, 380
1434, 380
1442, 380
1458, 380
1474, 380
1506, 380
1514, 380
1522, 380
1538, 380
1546, 380
1554, 380
1562, 380
1602, 380
1610, 380
1634, 380
1650, 380
1666, 380
1674, 380
1690, 380
1714, 380
1730, 380
1754, 380
1762, 380
1770, 380
81, 381
89, 381
97, 381
129, 381
137, 381
145, 381
177, 381
193, 381
313, 381
321, 381
353, 381
361, 381
377, 381
417, 381
425, 381
441, 381
465, 381
497, 381
513, 381
545, 381
561, 381
601, 381
633, 381
689, 381
705, 381
753, 381
777, 381
793, 381
833, 381
862, 381
865, 381
945, 381
961, 381
969, 381
977, 381
1001, 381
1041, 381
1051, 381
1057, 381
1065, 381
1081, 381
1097, 381
1113, 381
1121, 381
1137, 381
1153, 381
1161, 381
1209, 381
1217, 381
1313, 381
1329, 381
1345, 381
1369, 381
1377, 381
1441, 381
1449, 381
1521, 381
1537, 381
1545, 381
1601, 381
1609, 381
1625, 381
1649, 381
1665, 381
1681, 381
1785, 381
1793, 381
1533, 383
1743, 384
459, 385
886, 385
1783, 385
110, 386
174, 386
238, 386
262, 386
270, 386
278, 386
286, 386
294, 386
302, 386
342, 386
366, 386
406, 386
438, 386
446, 386
454, 386
478, 386
486, 386
582, 386
598, 386
630, 386
662, 386
670, 386
678, 386
734, 386
750, 386
758, 386
790, 386
806, 386
850, 386
870, 386
934, 386
1014, 386
1030, 386
1046, 386
1078, 386
1094, 386
1118, 386
1126, 386
1134, 386
1142, 386
1190, 386
1198, 386
1206, 386
1222, 386
1230, 386
1350, 386
1406, 386
1430, 386
1486, 386
1502, 386
1518, 386
1550, 386
1558, 386
1574, 386
1622, 386
1630, 386
1638, 386
1646, 386
1670, 386
1702, 386
1718, 386
1726, 386
1750, 386
1790, 386
77, 387
80, 387
85, 387
109, 387
117, 387
141, 387
165, 387
181, 387
189, 387
237, 387
261, 387
317, 387
365, 387
421, 387
429, 387
461, 387
509, 387
517, 387
525, 387
533, 387
549, 387
557, 387
581, 387
597, 387
653, 387
661, 387
669, 387
717, 387
781, 387
805, 387
845, 387
853, 387
877, 387
917, 387
965, 387
973, 387
997, 387
1053, 387
1061, 387
1069, 387
1085, 387
1133, 387
1141, 387
1149, 387
1173, 387
1181, 387
1197, 387
1205, 387
1221, 387
1229, 387
1237, 387
1245, 387
1285, 387
1301, 387
1349, 387
1357, 387
1365, 387
1413, 387
1469, 387
1509, 387
1557, 387
1565, 387
1629, 387
1693, 387
1717, 387
1725, 387
1741, 387
1805, 387
41, 388
7, 389
571, 389
1003, 389
1488, 390
1634, 390
98, 392
122, 392
138, 392
162, 392
178, 392
194, 392
202, 392
226, 392
242, 392
370, 392
378, 392
386, 392
402, 392
410, 392
450, 392
458, 392
506, 392
530, 392
554, 392
562, 392
578, 392
586, 392
594, 392
690, 392
714, 392
730, 392
754, 392
762, 392
770, 392
778, 392
858, 392
898, 392
962, 392
1010, 392
1018, 392
1026, 392
1034, 392
1050, 392
1058, 392
1138, 392
1154, 392
1186, 392
1194, 392
1210, 392
1218, 392
1226, 392
1242, 392
1266, 392
1282, 392
1298, 392
1322, 392
1330, 392
1346, 392
1386, 392
1394, 392
1434, 392
1442, 392
1450, 392
1474, 392
1506, 392
1514, 392
1522, 392
1530, 392
1538, 392
1546, 392
1551, 392
1554, 392
1562, 392
1602, 392
1610, 392
1634, 392
1650, 392
1666, 392
1674, 392
1690, 392
1714, 392
1730, 392
1754, 392
1762, 392
1770, 392
81, 393
89, 393
97, 393
129, 393
137, 393
145, 393
193, 393
201, 393
297, 393
313, 393
321, 393
353, 393
361, 393
377, 393
401, 393
417, 393
425, 393
441, 393
497, 393
513, 393
521, 393
545, 393
601, 393
633, 393
689, 393
705, 393
777, 393
793, 393
809, 393
833, 393
865, 393
913, 393
945, 393
961, 393
969, 393
1001, 393
1041, 393
1057, 393
1065, 393
1081, 393
1089, 393
1097, 393
1113, 393
1121, 393
1137, 393
1153, 393
1161, 393
1177, 393
1215, 393
1217, 393
1313, 393
1321, 393
1329, 393
1345, 393
1369, 393
1377, 393
1441, 393
1465, 393
1537, 393
1545, 393
1601, 393
1609, 393
1625, 393
1665, 393
1681, 393
1785, 393
1793, 393
957, 394
19, 395
802, 395
1248, 395
1785, 395
1531, 396
779, 397
1287, 397
12, 398
102, 398
110, 398
134, 398
174, 398
262, 398
270, 398
278, 398
286, 398
294, 398
302, 398
366, 398
406, 398
438, 398
446, 398
454, 398
478, 398
486, 398
598, 398
630, 398
662, 398
670, 398
734, 398
750, 398
758, 398
790, 398
806, 398
870, 398
1014, 398
1046, 398
1078, 398
1094, 398
1110, 398
1118, 398
1126, 398
1134, 398
1142, 398
1174, 398
1190, 398
1198, 398
1206, 398
1222, 398
1254, 398
1334, 398
1406, 398
1430, 398
1486, 398
1502, 398
1518, 398
1550, 398
1558, 398
1574, 398
1582, 398
1590, 398
1622, 398
1630, 398
1638, 398
1646, 398
1670, 398
1702, 398
1718, 398
1726, 398
1750, 398
1790, 398
32, 399
77, 399
85, 399
101, 399
109, 399
117, 399
141, 399
157, 399
165, 399
181, 399
189, 399
237, 399
261, 399
305, 399
365, 399
421, 399
429, 399
461, 399
509, 399
517, 399
525, 399
533, 399
557, 399
581, 399
597, 399
645, 399
653, 399
661, 399
669, 399
709, 399
781, 399
805, 399
829, 399
845, 399
853, 399
869, 399
877, 399
917, 399
965, 399
973, 399
997, 399
1053, 399
1061, 399
1085, 399
1109, 399
1141, 399
1149, 399
1173, 399
1181, 399
1197, 399
1205, 399
1221, 399
1229, 399
1237, 399
1245, 399
1285, 399
1301, 399
1349, 399
1357, 399
1365, 399
1413, 399
1429, 399
1469, 399
1485, 399
1509, 399
1541, 399
1557, 399
1565, 399
1629, 399
1693, 399
1717, 399
1725, 399
1741, 399
1773, 399
1789, 399
260, 400
348, 400
372, 400
1471, 400
66, 401
306, 401
522, 401
816, 401
1183, 401
983, 402
32, 404
82, 404
98, 404
122, 404
138, 404
162, 404
178, 404
202, 404
226, 404
242, 404
266, 404
370, 404
378, 404
386, 404
410, 404
450, 404
458, 404
506, 404
530, 404
538, 404
554, 404
562, 404
578, 404
586, 404
690, 404
698, 404
714, 404
730, 404
754, 404
770, 404
778, 404
858, 404
898, 404
938, 404
962, 404
1010, 404
1018, 404
1026, 404
1034, 404
1050, 404
1058, 404
1138, 404
1154, 404
1186, 404
1194, 404
1210, 404
1218, 404
1226, 404
1242, 404
1266, 404
1282, 404
1298, 404
1322, 404
1330, 404
1346, 404
1370, 404
1386, 404
1394, 404
1434, 404
1442, 404
1474, 404
1506, 404
1514, 404
1522, 404
1538, 404
1546, 404
1554, 404
1562, 404
1602, 404
1610, 404
1634, 404
1650, 404
1666, 404
1674, 404
1714, 404
1730, 404
1754, 404
1770, 404
81, 405
89, 405
129, 405
137, 405
145, 405
177, 405
193, 405
201, 405
313, 405
321, 405
353, 405
361, 405
377, 405
417, 405
425, 405
441, 405
497, 405
513, 405
521, 405
545, 405
561, 405
577, 405
625, 405
633, 405
689, 405
705, 405
728, 405
753, 405
785, 405
793, 405
809, 405
833, 405
857, 405
865, 405
913, 405
945, 405
961, 405
969, 405
977, 405
1017, 405
1041, 405
1057, 405
1065, 405
1081, 405
1097, 405
1113, 405
1121, 405
1137, 405
1153, 405
1161, 405
1209, 405
1217, 405
1305, 405
1313, 405
1321, 405
1329, 405
1345, 405
1369, 405
1377, 405
1399, 405
1441, 405
1449, 405
1465, 405
1537, 405
1545, 405
1601, 405
1609, 405
1625, 405
1649, 405
1665, 405
1681, 405
1785, 405
1793, 405
1066, 406
640, 409
917, 409
110, 410
174, 410
198, 410
238, 410
262, 410
270, 410
278, 410
286, 410
294, 410
302, 410
366, 410
406, 410
446, 410
454, 410
478, 410
486, 410
582, 410
590, 410
598, 410
630, 410
662, 410
670, 410
734, 410
750, 410
758, 410
790, 410
806, 410
870, 410
926, 410
934, 410
966, 410
1014, 410
1046, 410
1078, 410
1094, 410
1110, 410
1118, 410
1126, 410
1134, 410
1142, 410
1174, 410
1190, 410
1198, 410
1206, 410
1222, 410
1230, 410
1270, 410
1350, 410
1390, 410
1406, 410
1430, 410
1486, 410
1502, 410
1518, 410
1526, 410
1550, 410
1574, 410
1582, 410
1590, 410
1622, 410
1630, 410
1638, 410
1646, 410
1654, 410
1702, 410
1718, 410
1726, 410
1750, 410
1790, 410
77, 411
85, 411
101, 411
109, 411
117, 411
141, 411
165, 411
181, 411
189, 411
229, 411
237, 411
261, 411
317, 411
365, 411
389, 411
421, 411
429, 411
461, 411
509, 411
517, 411
525, 411
533, 411
557, 411
581, 411
597, 411
645, 411
653, 411
661, 411
669, 411
693, 411
717, 411
781, 411
805, 411
845, 411
853, 411
877, 411
917, 411
965, 411
973, 411
997, 411
1029, 411
1053, 411
1061, 411
1085, 411
1109, 411
1141, 411
1149, 411
1181, 411
1197, 411
1205, 411
1221, 411
1229, 411
1237, 411
1245, 411
1285, 411
1301, 411
1349, 411
1357, 411
1365, 411
1413, 411
1429, 411
1469, 411
1485, 411
1493, 411
1509, 411
1557, 411
1565, 411
1605, 411
1629, 411
1693, 411
1717, 411
1725, 411
1741, 411
1773, 411
1781, 411
1789, 411
1805, 411
37, 412
1246, 412
3, 413
15, 413
702, 413
827, 413
270, 414
162, 415
228, 415
98, 416
122, 416
130, 416
138, 416
162, 416
178, 416
202, 416
226, 416
242, 416
370, 416
378, 416
386, 416
410, 416
450, 416
458, 416
506, 416
530, 416
538, 416
554, 416
562, 416
578, 416
690, 416
698, 416
714, 416
730, 416
754, 416
762, 416
770, 416
778, 416
858, 416
898, 416
962, 416
1010, 416
1018, 416
1026, 416
1034, 416
1050, 416
1058, 416
1138, 416
1154, 416
1186, 416
1194, 416
1210, 416
1218, 416
1226, 416
1242, 416
1266, 416
1282, 416
1322, 416
1330, 416
1346, 416
1370, 416
1386, 416
1394, 416
1434, 416
1442, 416
1458, 416
1474, 416
1506, 416
1522, 416
1538, 416
1546, 416
1554, 416
1562, 416
1602, 416
1610, 416
1634, 416
1650, 416
1666, 416
1674, 416
1690, 416
1714, 416
1730, 416
1737, 416
1762, 416
1770, 416
81, 417
89, 417
97, 417
113, 417
129, 417
137, 417
145, 417
177, 417
193, 417
313, 417
321, 417
353, 417
361, 417
377, 417
401, 417
417, 417
425, 417
441, 417
497, 417
513, 417
537, 417
545, 417
601, 417
625, 417
633, 417
689, 417
705, 417
793, 417
833, 417
865, 417
913, 417
945, 417
961, 417
969, 417
977, 417
1001, 417
1041, 417
1057, 417
1065, 417
1081, 417
1097, 417
1113, 417
1121, 417
1137, 417
1153, 417
1161, 417
1177, 417
1217, 417
1281, 417
1313, 417
1329, 417
1345, 417
1369, 417
1377, 417
1409, 417
1441, 417
1449, 417
1465, 417
1537, 417
1545, 417
1601, 417
1609, 417
1625, 417
1649, 417
1665, 417
1681, 417
1785, 417
1793, 417
24, 418
27, 418
1242, 419
148, 420
303, 421
359, 421
430, 421
546, 421
862, 421
102, 422
110, 422
174, 422
262, 422
270, 422
278, 422
286, 422
294, 422
302, 422
366, 422
406, 422
422, 422
438, 422
446, 422
454, 422
478, 422
486, 422
598, 422
630, 422
662, 422
670, 422
678, 422
734, 422
750, 422
758, 422
790, 422
806, 422
814, 422
870, 422
934, 422
1014, 422
1022, 422
1046, 422
1078, 422
1094, 422
1118, 422
1126, 422
1134, 422
1142, 422
1174, 422
1190, 422
1198, 422
1222, 422
1230, 422
1334, 422
1406, 422
1430, 422
1486, 422
1502, 422
1518, 422
1526, 422
1550, 422
1574, 422
1582, 422
1590, 422
1622, 422
1630, 422
1638, 422
1646, 422
1702, 422
1718, 422
1726, 422
1750, 422
1790, 422
50, 423
77, 423
85, 423
101, 423
109, 423
117, 423
141, 423
165, 423
181, 423
189, 423
229, 423
237, 423
261, 423
365, 423
375, 423
389, 423
421, 423
429, 423
461, 423
509, 423
517, 423
525, 423
533, 423
557, 423
597, 423
653, 423
661, 423
669, 423
693, 423
717, 423
781, 423
805, 423
845, 423
853, 423
877, 423
917, 423
965, 423
973, 423
997, 423
1053, 423
1061, 423
1085, 423
1141, 423
1149, 423
1173, 423
1181, 423
1197, 423
1205, 423
1221, 423
1237, 423
1245, 423
1285, 423
1301, 423
1349, 423
1357, 423
1365, 423
1413, 423
1429, 423
1469, 423
1485, 423
1509, 423
1557, 423
1565, 423
1629, 423
1693, 423
1717, 423
1725, 423
1741, 423
1773, 423
1781, 423
1789, 423
1805, 423
353, 426
180, 427
990, 427
98, 428
122, 428
130, 428
138, 428
162, 428
178, 428
202, 428
226, 428
242, 428
370, 428
378, 428
386, 428
402, 428
410, 428
450, 428
458, 428
506, 428
538, 428
554, 428
562, 428
570, 428
578, 428
690, 428
698, 428
714, 428
730, 428
754, 428
762, 428
770, 428
778, 428
858, 428
898, 428
938, 428
962, 428
1010, 428
1018, 428
1020, 428
1026, 428
1034, 428
1050, 428
1058, 428
1138, 428
1150, 428
1154, 428
1186, 428
1210, 428
1218, 428
1226, 428
1242, 428
1266, 428
1322, 428
1330, 428
1346, 428
1370, 428
1386, 428
1394, 428
1410, 428
1434, 428
1442, 428
1474, 428
1506, 428
1522, 428
1538, 428
1546, 428
1554, 428
1562, 428
1602, 428
1610, 428
1634, 428
1650, 428
1666, 428
1674, 428
1690, 428
1714, 428
1730, 428
1754, 428
1762, 428
1770, 428
5, 429
37, 429
81, 429
89, 429
97, 429
129, 429
137, 429
145, 429
169, 429
177, 429
193, 429
313, 429
321, 429
353, 429
361, 429
377, 429
401, 429
417, 429
425, 429
441, 429
465, 429
497, 429
513, 429
537, 429
545, 429
577, 429
601, 429
612, 429
625, 429
633, 429
689, 429
705, 429
753, 429
777, 429
793, 429
833, 429
865, 429
873, 429
945, 429
961, 429
969, 429
985, 429
1041, 429
1057, 429
1065, 429
1081, 429
1089, 429
1097, 429
1113, 429
1121, 429
1137, 429
1153, 429
1161, 429
1177, 429
1209, 429
1217, 429
1241, 429
1313, 429
1321, 429
1329, 429
1345, 429
1369, 429
1377, 429
1441, 429
1449, 429
1465, 429
1537, 429
1545, 429
1596, 429
1601, 429
1609, 429
1625, 429
1649, 429
1665, 429
1681, 429
1785, 429
1793, 429
785, 431
554, 432
643, 432
1439, 432
14, 433
55, 434
110, 434
134, 434
158, 434
174, 434
198, 434
262, 434
270, 434
278, 434
286, 434
294, 434
302, 434
406, 434
422, 434
430, 434
438, 434
446, 434
454, 434
478, 434
486, 434
582, 434
598, 434
630, 434
662, 434
666, 434
670, 434
734, 434
750, 434
758, 434
790, 434
806, 434
814, 434
864, 434
870, 434
934, 434
1014, 434
1046, 434
1078, 434
1094, 434
1118, 434
1126, 434
1134, 434
1142, 434
1174, 434
1190, 434
1198, 434
1222, 434
1230, 434
1334, 434
1350, 434
1390, 434
1406, 434
1430, 434
1486, 434
1502, 434
1518, 434
1550, 434
1554, 434
1574, 434
1590, 434
1622, 434
1630, 434
1638, 434
1646, 434
1702, 434
1718, 434
1726, 434
1750, 434
1790, 434
77, 435
85, 435
101, 435
109, 435
117, 435
141, 435
165, 435
181, 435
189, 435
229, 435
237, 435
261, 435
365, 435
421, 435
429, 435
461, 435
509, 435
517, 435
533, 435
557, 435
597, 435
653, 435
661, 435
669, 435
693, 435
717, 435
781, 435
805, 435
845, 435
853, 435
877, 435
917, 435
965, 435
973, 435
997, 435
1053, 435
1061, 435
1085, 435
1141, 435
1149, 435
1173, 435
1181, 435
1197, 435
1205, 435
1221, 435
1229, 435
1237, 435
1245, 435
1285, 435
1301, 435
1349, 435
1357, 435
1365, 435
1413, 435
1429, 435
1469, 435
1485, 435
1493, 435
1509, 435
1541, 435
1557, 435
1565, 435
1629, 435
1693, 435
1717, 435
1725, 435
1741, 435
1773, 435
1789, 435
1805, 435
1576, 436
163, 437
2, 438
70, 438
1076, 438
1144, 438
474, 439
90, 440
98, 440
122, 440
162, 440
178, 440
194, 440
202, 440
226, 440
242, 440
266, 440
370, 440
378, 440
386, 440
410, 440
450, 440
458, 440
506, 440
538, 440
554, 440
562, 440
578, 440
690, 440
698, 440
714, 440
730, 440
754, 440
770, 440
778, 440
858, 440
882, 440
898, 440
938, 440
962, 440
1010, 440
1018, 440
1026, 440
1034, 440
1050, 440
1058, 440
1138, 440
1154, 440
1186, 440
1194, 440
1210, 440
1218, 440
1226, 440
1242, 440
1266, 440
1282, 440
1298, 440
1322, 440
1330, 440
1346, 440
1386, 440
1394, 440
1410, 440
1434, 440
1442, 440
1450, 440
1474, 440
1506, 440
1514, 440
1522, 440
1538, 440
1546, 440
1554, 440
1562, 440
1590, 440
1602, 440
1610, 440
1634, 440
1650, 440
1666, 440
1674, 440
1682, 440
1690, 440
1714, 440
1730, 440
1754, 440
1762, 440
1770, 440
81, 441
89, 441
97, 441
129, 441
137, 441
145, 441
177, 441
193, 441
313, 441
321, 441
353, 441
361, 441
377, 441
401, 441
417, 441
425, 441
441, 441
497, 441
513, 441
521, 441
545, 441
561, 441
601, 441
633, 441
689, 441
705, 441
753, 441
777, 441
793, 441
809, 441
833, 441
865, 441
945, 441
961, 441
969, 441
977, 441
1041, 441
1057, 441
1065, 441
1081, 441
1097, 441
1113, 441
1121, 441
1137, 441
1153, 441
1161, 441
1217, 441
1313, 441
1329, 441
1345, 441
1369, 441
1377, 441
1441, 441
1449, 441
1537, 441
1545, 441
1601, 441
1609, 441
1625, 441
1665, 441
1681, 441
1785, 441
1793, 441
1614, 442
192, 443
140, 444
132, 445
1041, 445
110, 446
134, 446
158, 446
174, 446
262, 446
270, 446
278, 446
286, 446
294, 446
302, 446
406, 446
438, 446
446, 446
451, 446
454, 446
478, 446
486, 446
630, 446
662, 446
670, 446
734, 446
750, 446
758, 446
790, 446
806, 446
870, 446
934, 446
966, 446
1014, 446
1022, 446
1046, 446
1078, 446
1094, 446
1118, 446
1126, 446
1134, 446
1142, 446
1174, 446
1190, 446
1198, 446
1222, 446
1230, 446
1350, 446
1390, 446
1406, 446
1430, 446
1486, 446
1502, 446
1518, 446
1550, 446
1558, 446
1574, 446
1582, 446
1590, 446
1622, 446
1638, 446
1646, 446
1702, 446
1718, 446
1726, 446
1750, 446
1790, 446
77, 447
101, 447
109, 447
117, 447
141, 447
165, 447
181, 447
189, 447
237, 447
261, 447
365, 447
389, 447
421, 447
429, 447
461, 447
509, 447
517, 447
525, 447
533, 447
549, 447
557, 447
581, 447
597, 447
653, 447
661, 447
669, 447
709, 447
717, 447
781, 447
805, 447
829, 447
845, 447
853, 447
877, 447
917, 447
965, 447
973, 447
997, 447
1053, 447
1061, 447
1085, 447
1109, 447
1133, 447
1141, 447
1149, 447
1173, 447
1181, 447
1197, 447
1205, 447
1221, 447
1229, 447
1237, 447
1245, 447
1285, 447
1301, 447
1349, 447
1357, 447
1365, 447
1413, 447
1429, 447
1469, 447
1485, 447
1509, 447
1541, 447
1557, 447
1565, 447
1605, 447
1629, 447
1693, 447
1717, 447
1725, 447
1741, 447
1773, 447
1805, 447
1433, 448
1554, 449
1725, 449
1725, 450
196, 451
72, 452
98, 452
122, 452
138, 452
162, 452
178, 452
202, 452
226, 452
242, 452
370, 452
378, 452
386, 452
402, 452
410, 452
450, 452
458, 452
506, 452
530, 452
538, 452
554, 452
562, 452
594, 452
602, 452
616, 452
690, 452
714, 452
730, 452
754, 452
770, 452
778, 452
831, 452
858, 452
898, 452
938, 452
962, 452
1010, 452
1018, 452
1034, 452
1050, 452
1058, 452
1106, 452
1138, 452
1154, 452
1186, 452
1210, 452
1218, 452
1226, 452
1242, 452
1266, 452
1282, 452
1322, 452
1330, 452
1346, 452
1370, 452
1386, 452
1394, 452
1434, 452
1442, 452
1474, 452
1506, 452
1514, 452
1522, 452
1538, 452
1546, 452
1554, 452
1562, 452
1602, 452
1610, 452
1634, 452
1650, 452
1666, 452
1674, 452
1690, 452
1714, 452
1730, 452
1750, 452
1754, 452
1762, 452
1770, 452
13, 453
81, 453
89, 453
129, 453
137, 453
145, 453
169, 453
193, 453
201, 453
297, 453
313, 453
321, 453
353, 453
361, 453
377, 453
417, 453
425, 453
441, 453
497, 453
513, 453
521, 453
545, 453
561, 453
601, 453
633, 453
689, 453
705, 453
777, 453
793, 453
833, 453
865, 453
873, 453
913, 453
945, 453
961, 453
969, 453
1041, 453
1057, 453
1065, 453
1081, 453
1089, 453
1097, 453
1113, 453
1121, 453
1137, 453
1153, 453
1161, 453
1165, 453
1209, 453
1217, 453
1313, 453
1321, 453
1329, 453
1345, 453
1369, 453
1377, 453
1441, 453
1449, 453
1465, 453
1537, 453
1545, 453
1601, 453
1609, 453
1625, 453
1665, 453
1681, 453
1785, 453
1793, 453
701, 454
1399, 455
898, 457
1041, 457
1220, 457
8, 458
23, 458
110, 458
174, 458
254, 458
262, 458
270, 458
278, 458
286, 458
294, 458
302, 458
366, 458
406, 458
430, 458
438, 458
446, 458
454, 458
478, 458
486, 458
582, 458
598, 458
630, 458
662, 458
670, 458
734, 458
750, 458
758, 458
790, 458
806, 458
814, 458
870, 458
966, 458
1014, 458
1046, 458
1078, 458
1094, 458
1118, 458
1126, 458
1134, 458
1142, 458
1190, 458
1198, 458
1222, 458
1230, 458
1350, 458
1406, 458
1430, 458
1486, 458
1502, 458
1518, 458
1574, 458
1582, 458
1590, 458
1622, 458
1630, 458
1638, 458
1646, 458
1702, 458
1718, 458
1726, 458
1750, 458
1754, 458
1790, 458
77, 459
101, 459
109, 459
117, 459
141, 459
157, 459
165, 459
181, 459
189, 459
229, 459
237, 459
261, 459
365, 459
405, 459
421, 459
429, 459
461, 459
509, 459
517, 459
525, 459
533, 459
549, 459
557, 459
597, 459
653, 459
661, 459
669, 459
693, 459
709, 459
717, 459
781, 459
805, 459
829, 459
845, 459
853, 459
877, 459
917, 459
933, 459
965, 459
973, 459
997, 459
1053, 459
1061, 459
1085, 459
1133, 459
1141, 459
1149, 459
1173, 459
1181, 459
1197, 459
1205, 459
1221, 459
1229, 459
1237, 459
1245, 459
1269, 459
1285, 459
1301, 459
1349, 459
1357, 459
1365, 459
1413, 459
1429, 459
1469, 459
1493, 459
1509, 459
1541, 459
1557, 459
1565, 459
1605, 459
1629, 459
1693, 459
1717, 459
1725, 459
1741, 459
1773, 459
1789, 459
1805, 459
1567, 460
67, 461
1688, 461
9, 462
1, 463
238, 463
591, 463
1003, 463
1074, 463
1355, 463
98, 464
122, 464
138, 464
162, 464
178, 464
202, 464
226, 464
242, 464
266, 464
370, 464
378, 464
386, 464
402, 464
410, 464
450, 464
458, 464
506, 464
538, 464
554, 464
562, 464
578, 464
602, 464
690, 464
714, 464
730, 464
754, 464
762, 464
770, 464
778, 464
858, 464
882, 464
898, 464
962, 464
970, 464
1010, 464
1018, 464
1026, 464
1034, 464
1050, 464
1058, 464
1138, 464
1154, 464
1186, 464
1194, 464
1210, 464
1218, 464
1226, 464
1242, 464
1282, 464
1298, 464
1322, 464
1330, 464
1346, 464
1370, 464
1386, 464
1394, 464
1410, 464
1434, 464
1442, 464
1458, 464
1474, 464
1506, 464
1522, 464
1538, 464
1546, 464
1554, 464
1562, 464
1602, 464
1610, 464
1634, 464
1650, 464
1666, 464
1674, 464
1690, 464
1714, 464
1730, 464
1754, 464
1762, 464
1770, 464
81, 465
89, 465
97, 465
129, 465
137, 465
145, 465
169, 465
177, 465
193, 465
313, 465
321, 465
353, 465
361, 465
377, 465
401, 465
417, 465
425, 465
441, 465
465, 465
497, 465
513, 465
537, 465
545, 465
561, 465
625, 465
633, 465
689, 465
705, 465
753, 465
777, 465
793, 465
833, 465
865, 465
929, 465
945, 465
961, 465
969, 465
977, 465
985, 465
1041, 465
1057, 465
1065, 465
1081, 465
1089, 465
1097, 465
1113, 465
1121, 465
1137, 465
1153, 465
1161, 465
1217, 465
1305, 465
1313, 465
1321, 465
1329, 465
1345, 465
1369, 465
1377, 465
1407, 465
1425, 465
1441, 465
1449, 465
1465, 465
1537, 465
1545, 465
1601, 465
1609, 465
1625, 465
1649, 465
1665, 465
1681, 465
1785, 465
940, 466
44, 467
660, 467
1321, 467
1128, 468
1499, 469
1609, 469
12, 470
565, 470
611, 471
941, 471
1702, 471
1794, 471
1091, 472
1554, 472
391, 473
535, 473
473, 475
519, 475
811, 475
993, 475
1360, 475
1388, 477
1490, 477
1595, 477
768, 478
1712, 478
261, 479
865, 479
1767, 479
342, 480
195, 481
284, 481
894, 481
619, 482
324, 483
1544, 483
1675, 483
608, 484
971, 484
1703, 484
110, 485
792, 485
1553, 485
492, 486
324, 487
1796, 487
59, 488
1563, 488
463, 490
990, 490
1658, 490
954, 491
362, 492
1208, 492
1485, 492
1585, 492
795, 493
68, 494
368, 494
1651, 495
1726, 495
162, 496
214, 496
72, 497
194, 497
980, 497
47, 499
227, 499
236, 499
543, 500
799, 500
482, 502
68, 503
525, 503
1052, 503
549, 504
940, 504
1590, 504
883, 505
1554, 505
1581, 505
1593, 505
11, 506
1496, 506
10, 507
57, 507
238, 507
666, 507
204, 508
1554, 508
773, 509
1159, 512
1202, 512
423, 513
925, 513
1186, 513
1231, 513
460, 514
1574, 515
57, 516
406, 516
677, 516
720, 517
69, 518
1464, 518
680, 519
1313, 519
1221, 522
1259, 524
1488, 524
52, 525
159, 525
473, 526
823, 526
710, 527
1339, 527
1800, 527
594, 528
1095, 529
1488, 529
97, 530
282, 530
1205, 530
156, 531
1074, 531
627, 532
1004, 532
358, 533
1209, 533
1135, 534
19, 535
555, 535
1509, 535
311, 536
1538, 537
406, 538
1641, 538
1744, 538
22, 539
674, 539
310, 540
877, 541
1655, 541
1418, 543
1658, 543
57, 544
650, 544
527, 547
1285, 548
1636, 548
25, 550
609, 551
87, 552
418, 553
1437, 553
49, 554
13, 555
61, 555
942, 555
1330, 555
1, 557
136, 557
935, 559
859, 560
1155, 560
1304, 560
1518, 560
1599, 560
989, 561
1225, 561
1498, 561
1023, 562
408, 563
1607, 563
1639, 563
77, 564
1648, 564
719, 565
4, 566
52, 567
1118, 568
1637, 568
790, 569
1595, 569
252, 570
1252, 570
1540, 570
239, 571
973, 571
43, 572
689, 572
1261, 572
21, 574
31, 575
631, 575
56, 576
72, 576
903, 578
1563, 578
1702, 579
50, 580
143, 580
1113, 580
1347, 580
130, 583
1693, 583
141, 585
658, 585
1541, 585
265, 586
726, 586
1565, 586
35, 587
666, 587
1481, 587
1017, 588
1481, 588
333, 589
541, 590
1643, 590
4, 591
675, 591
445, 592
1530, 592
801, 594
1421, 594
244, 595
351, 595
15, 596
604, 596
1076, 597
1403, 597
287, 598
1077, 598
203, 599
110, 600
396, 600
1215, 600
9, 601
1205, 602
44, 603
1737, 603
905, 605
1290, 605
1347, 605
969, 606
1529, 606
985, 607
1055, 607
965, 608
1449, 608
1684, 608
61, 609
1254, 609
1600, 610
1675, 610
1141, 611
589, 612
1239, 613
1440, 614
1501, 614
4, 615
1102, 615
32, 616
899, 616
1614, 616
1669, 616
34, 617
1570, 617
255, 618
1327, 619
1443, 619
1150, 620
1532, 620
1608, 620
458, 621
797, 622
453, 625
984, 625
1207, 625
1371, 625
1499, 625
1661, 626
1206, 627
683, 628
1480, 628
244, 629
1333, 629
1258, 631
186, 633
236, 634
449, 634
716, 634
1507, 635
792, 636
3, 637
25, 637
462, 637
754, 638
817, 638
12, 640
467, 640
227, 642
936, 642
706, 644
1394, 644
14, 645
385, 645
1399, 645
1806, 645
404, 646
985, 646
1036, 646
592, 647
1224, 648
11, 649
579, 650
1470, 650
308, 651
530, 651
1720, 654
1689, 655
415, 656
1776, 656
607, 657
1347, 658
1380, 658
1512, 659
341, 660
415, 660
1495, 660
1551, 660
321, 661
1164, 661
18, 662
656, 662
798, 662
316, 663
664, 663
1002, 663
1389, 663
1453, 664
1016, 665
1734, 665
260, 666
1135, 666
1729, 666
1177, 667
1237, 669
1239, 669
1424, 670
756, 671
57, 673
414, 673
160, 674
1641, 674
440, 675
14, 676
1322, 676
1608, 676
959, 677
1700, 677
16, 678
27, 678
71, 679
1408, 679
15, 681
211, 681
1173, 682
110, 683
889, 684
991, 685
472, 686
772, 686
1439, 686
1533, 686
1632, 686
53, 687
911, 687
1674, 687
1330, 688
1422, 689
173, 690
535, 691
135, 692
513, 692
1053, 692
1078, 692
345, 693
764, 693
1637, 693
1325, 694
64, 695
909, 695
1212, 695
1305, 695
36, 696
455, 696
587, 696
27, 697
217, 697
618, 697
627, 697
940, 697
574, 698
1521, 699
462, 700
465, 700
897, 700
1574, 700
361, 701
481, 701
1124, 701
68, 703
371, 703
1550, 704
292, 706
323, 707
1460, 707
1120, 709
397, 711
669, 711
250, 713
1185, 713
799, 714
1807, 714
357, 715
639, 715
956, 715
1797, 715
840, 716
1473, 716
636, 717
145, 718
301, 718
624, 718
300, 720
1283, 720
122, 721
816, 721
1587, 721
152, 722
18, 723
35, 723
411, 723
828, 723
1122, 723
1141, 723
