23, 0
454, 3
525, 3
1208, 4
1234, 4
281, 5
847, 5
422, 6
362, 7
324, 8
312, 9
1069, 9
16, 10
180, 10
1172, 10
589, 11
60, 12
757, 12
1028, 12
123, 14
303, 14
158, 16
265, 18
535, 18
768, 18
741, 19
290, 20
1084, 20
360, 22
843, 22
898, 25
196, 26
684, 26
808, 27
1271, 27
42, 28
212, 28
502, 28
721, 28
862, 28
1022, 28
457, 29
737, 30
403, 31
891, 32
1222, 32
786, 33
1144, 33
1264, 33
1246, 35
951, 36
106, 37
1228, 40
1028, 41
1173, 41
314, 42
822, 42
145, 43
501, 45
792, 45
1152, 45
193, 46
399, 46
385, 47
514, 47
692, 47
524, 48
324, 49
488, 49
530, 49
941, 49
204, 50
692, 50
956, 50
1206, 50
949, 51
1136, 51
917, 52
945, 54
51, 56
1237, 57
312, 58
596, 58
1242, 58
745, 59
965, 59
1094, 59
304, 60
502, 60
758, 60
45, 61
629, 62
938, 63
858, 64
326, 65
787, 65
1062, 66
385, 67
406, 67
522, 67
807, 67
1277, 67
162, 68
143, 69
12, 70
228, 70
612, 71
492, 72
742, 73
393, 74
1121, 75
85, 76
248, 76
1170, 76
853, 77
473, 79
503, 79
1257, 79
132, 81
738, 81
881, 81
16, 82
981, 82
276, 83
579, 83
752, 84
171, 85
418, 85
525, 85
145, 87
248, 87
371, 88
16, 89
614, 89
27, 90
265, 90
401, 91
594, 91
990, 91
74, 92
297, 93
193, 94
539, 94
735, 94
1011, 94
562, 95
1231, 95
600, 96
606, 96
433, 97
864, 99
987, 100
54, 101
455, 103
513, 104
939, 105
414, 106
525, 107
457, 108
689, 109
44, 110
61, 110
123, 110
387, 111
789, 111
1049, 111
4, 113
89, 113
1069, 113
1160, 113
405, 114
337, 115
418, 115
803, 118
1050, 118
1224, 118
120, 119
272, 119
387, 119
445, 119
645, 119
803, 119
122, 120
540, 120
624, 120
306, 122
954, 122
787, 123
846, 124
699, 125
820, 125
956, 125
1126, 125
577, 126
1011, 126
186, 127
231, 130
392, 132
1064, 132
77, 133
740, 133
595, 134
882, 134
1113, 134
342, 136
742, 136
995, 137
20, 144
391, 144
68, 145
324, 145
428, 145
601, 146
913, 146
829, 147
493, 148
167, 149
598, 149
1012, 149
489, 150
752, 151
1120, 151
279, 152
1088, 153
1021, 154
825, 155
279, 156
557, 156
569, 156
1181, 157
131, 159
466, 160
275, 162
820, 162
77, 163
1068, 163
45, 164
152, 164
525, 165
698, 165
660, 166
1037, 166
354, 167
25, 168
835, 169
761, 170
120, 172
324, 172
583, 173
35, 174
262, 175
353, 176
422, 176
230, 177
1138, 178
1235, 182
962, 183
444, 184
706, 184
774, 184
1175, 184
413, 185
692, 185
1013, 186
1150, 186
299, 187
752, 187
1189, 189
94, 190
239, 191
824, 191
1158, 191
113, 193
1052, 194
24, 195
237, 195
433, 197
244, 198
843, 198
886, 198
143, 199
407, 200
21, 201
743, 202
1128, 202
78, 203
654, 205
1196, 206
83, 207
267, 207
761, 207
770, 208
862, 210
314, 211
403, 211
529, 211
693, 211
969, 211
7, 213
63, 213
79, 213
103, 213
111, 213
119, 213
127, 213
151, 213
167, 213
183, 213
303, 213
319, 213
391, 213
415, 213
423, 213
439, 213
455, 213
463, 213
479, 213
487, 213
495, 213
511, 213
519, 213
551, 213
567, 213
575, 213
599, 213
607, 213
615, 213
631, 213
655, 213
719, 213
751, 213
759, 213
767, 213
775, 213
799, 213
823, 213
847, 213
871, 213
911, 213
919, 213
927, 213
935, 213
951, 213
967, 213
991, 213
1015, 213
1031, 213
1039, 213
1047, 213
1055, 213
1071, 213
1079, 213
1103, 213
1111, 213
1167, 213
1183, 213
1199, 213
1215, 213
1255, 213
1259, 213
0, 214
8, 214
48, 214
64, 214
80, 214
88, 214
128, 214
136, 214
160, 214
184, 214
192, 214
248, 214
256, 214
336, 214
345, 214
376, 214
384, 214
408, 214
432, 214
456, 214
488, 214
512, 214
560, 214
568, 214
592, 214
608, 214
664, 214
669, 214
672, 214
712, 214
720, 214
728, 214
752, 214
760, 214
784, 214
808, 214
832, 214
848, 214
864, 214
872, 214
880, 214
896, 214
960, 214
976, 214
1016, 214
1024, 214
1032, 214
1040, 214
1048, 214
1064, 214
1072, 214
1080, 214
1120, 214
1136, 214
1144, 214
1177, 214
1184, 214
1200, 214
1216, 214
1248, 214
1256, 214
1264, 214
1272, 214
308, 215
239, 216
241, 216
560, 216
53, 217
52, 218
60, 218
68, 218
100, 218
108, 218
116, 218
124, 218
132, 218
140, 218
164, 218
172, 218
196, 218
204, 218
228, 218
268, 218
276, 218
316, 218
324, 218
332, 218
340, 218
372, 218
380, 218
404, 218
420, 218
444, 218
492, 218
500, 218
508, 218
548, 218
556, 218
572, 218
588, 218
596, 218
636, 218
644, 218
652, 218
660, 218
732, 218
748, 218
772, 218
780, 218
892, 218
916, 218
924, 218
932, 218
948, 218
966, 218
972, 218
980, 218
1012, 218
1020, 218
1028, 218
1044, 218
1057, 218
1060, 218
1068, 218
1084, 218
1108, 218
1164, 218
1172, 218
1180, 218
1188, 218
1236, 218
3, 219
11, 219
43, 219
51, 219
67, 219
91, 219
131, 219
147, 219
155, 219
195, 219
219, 219
243, 219
245, 219
251, 219
275, 219
355, 219
371, 219
381, 219
419, 219
435, 219
443, 219
467, 219
475, 219
491, 219
499, 219
515, 219
571, 219
603, 219
643, 219
667, 219
683, 219
691, 219
715, 219
779, 219
803, 219
811, 219
824, 219
891, 219
899, 219
923, 219
955, 219
979, 219
995, 219
1003, 219
1011, 219
1027, 219
1035, 219
1099, 219
1115, 219
1139, 219
1155, 219
1171, 219
1187, 219
1259, 219
716, 220
644, 222
7, 223
62, 223
63, 223
79, 223
111, 223
119, 223
127, 223
151, 223
183, 223
207, 223
287, 223
319, 223
415, 223
423, 223
439, 223
455, 223
463, 223
479, 223
487, 223
495, 223
511, 223
519, 223
524, 223
551, 223
567, 223
575, 223
599, 223
607, 223
615, 223
631, 223
655, 223
719, 223
751, 223
767, 223
775, 223
799, 223
823, 223
847, 223
871, 223
911, 223
919, 223
927, 223
935, 223
951, 223
967, 223
991, 223
1015, 223
1039, 223
1047, 223
1055, 223
1071, 223
1079, 223
1103, 223
1111, 223
1167, 223
1199, 223
1215, 223
1255, 223
0, 224
32, 224
48, 224
64, 224
80, 224
88, 224
128, 224
136, 224
160, 224
192, 224
248, 224
304, 224
311, 224
336, 224
376, 224
384, 224
408, 224
432, 224
456, 224
488, 224
512, 224
520, 224
560, 224
568, 224
592, 224
608, 224
656, 224
664, 224
672, 224
712, 224
720, 224
728, 224
752, 224
760, 224
784, 224
808, 224
832, 224
848, 224
860, 224
864, 224
872, 224
880, 224
896, 224
960, 224
976, 224
984, 224
1016, 224
1024, 224
1032, 224
1040, 224
1048, 224
1072, 224
1080, 224
1136, 224
1144, 224
1176, 224
1184, 224
1200, 224
1216, 224
1248, 224
1256, 224
1264, 224
1272, 224
185, 225
691, 225
1100, 225
154, 226
377, 226
1145, 226
9, 228
52, 228
60, 228
68, 228
100, 228
108, 228
116, 228
124, 228
132, 228
140, 228
148, 228
164, 228
172, 228
196, 228
228, 228
268, 228
276, 228
284, 228
324, 228
332, 228
340, 228
372, 228
380, 228
404, 228
444, 228
492, 228
500, 228
508, 228
548, 228
556, 228
572, 228
588, 228
596, 228
636, 228
644, 228
652, 228
660, 228
732, 228
748, 228
780, 228
916, 228
924, 228
932, 228
948, 228
972, 228
980, 228
1012, 228
1020, 228
1028, 228
1044, 228
1060, 228
1084, 228
1108, 228
1164, 228
1172, 228
1180, 228
1188, 228
1236, 228
3, 229
11, 229
43, 229
51, 229
91, 229
131, 229
147, 229
155, 229
179, 229
195, 229
219, 229
243, 229
275, 229
355, 229
371, 229
387, 229
419, 229
433, 229
435, 229
443, 229
467, 229
475, 229
491, 229
499, 229
515, 229
571, 229
603, 229
643, 229
667, 229
683, 229
691, 229
715, 229
752, 229
779, 229
795, 229
803, 229
811, 229
891, 229
899, 229
955, 229
979, 229
995, 229
1011, 229
1027, 229
1035, 229
1083, 229
1095, 229
1099, 229
1115, 229
1139, 229
1155, 229
1171, 229
1187, 229
1222, 229
1259, 229
294, 230
660, 230
1139, 230
642, 232
1204, 232
7, 233
55, 233
63, 233
79, 233
111, 233
119, 233
127, 233
142, 233
151, 233
183, 233
207, 233
271, 233
303, 233
319, 233
415, 233
423, 233
455, 233
463, 233
479, 233
487, 233
495, 233
498, 233
511, 233
519, 233
551, 233
567, 233
575, 233
599, 233
607, 233
615, 233
631, 233
655, 233
719, 233
751, 233
759, 233
767, 233
775, 233
799, 233
847, 233
871, 233
911, 233
919, 233
927, 233
935, 233
951, 233
967, 233
991, 233
1015, 233
1039, 233
1047, 233
1055, 233
1071, 233
1079, 233
1103, 233
1111, 233
1167, 233
1189, 233
1215, 233
1255, 233
1265, 233
0, 234
48, 234
64, 234
80, 234
88, 234
128, 234
136, 234
160, 234
192, 234
200, 234
248, 234
256, 234
304, 234
336, 234
376, 234
384, 234
408, 234
432, 234
456, 234
488, 234
512, 234
560, 234
568, 234
592, 234
608, 234
656, 234
664, 234
672, 234
712, 234
720, 234
728, 234
752, 234
760, 234
784, 234
808, 234
832, 234
848, 234
872, 234
880, 234
896, 234
960, 234
976, 234
1016, 234
1024, 234
1032, 234
1040, 234
1048, 234
1064, 234
1072, 234
1080, 234
1136, 234
1144, 234
1184, 234
1200, 234
1216, 234
1248, 234
1256, 234
1264, 234
1272, 234
36, 235
981, 235
6, 236
187, 236
839, 236
584, 237
52, 238
60, 238
68, 238
108, 238
116, 238
124, 238
132, 238
140, 238
164, 238
168, 238
172, 238
196, 238
228, 238
268, 238
276, 238
324, 238
332, 238
340, 238
360, 238
372, 238
380, 238
404, 238
444, 238
492, 238
500, 238
508, 238
548, 238
556, 238
561, 238
572, 238
588, 238
596, 238
636, 238
644, 238
660, 238
732, 238
748, 238
780, 238
916, 238
924, 238
932, 238
948, 238
972, 238
980, 238
1012, 238
1020, 238
1028, 238
1044, 238
1060, 238
1084, 238
1108, 238
1164, 238
1172, 238
1180, 238
1188, 238
1211, 238
1236, 238
3, 239
11, 239
43, 239
51, 239
91, 239
131, 239
147, 239
155, 239
179, 239
195, 239
219, 239
243, 239
275, 239
355, 239
371, 239
419, 239
435, 239
443, 239
467, 239
475, 239
491, 239
499, 239
515, 239
571, 239
603, 239
643, 239
667, 239
683, 239
691, 239
699, 239
715, 239
779, 239
803, 239
811, 239
899, 239
955, 239
979, 239
995, 239
1011, 239
1027, 239
1035, 239
1099, 239
1115, 239
1139, 239
1155, 239
1171, 239
1187, 239
1259, 239
1164, 240
1257, 240
587, 241
181, 242
193, 242
7, 243
55, 243
63, 243
79, 243
103, 243
111, 243
119, 243
127, 243
151, 243
183, 243
207, 243
287, 243
303, 243
319, 243
415, 243
423, 243
439, 243
455, 243
463, 243
466, 243
479, 243
487, 243
495, 243
511, 243
519, 243
551, 243
567, 243
575, 243
599, 243
607, 243
615, 243
631, 243
652, 243
655, 243
719, 243
751, 243
759, 243
767, 243
775, 243
799, 243
871, 243
911, 243
919, 243
927, 243
935, 243
951, 243
967, 243
991, 243
1015, 243
1039, 243
1047, 243
1055, 243
1071, 243
1079, 243
1103, 243
1111, 243
1167, 243
1215, 243
1255, 243
0, 244
48, 244
64, 244
80, 244
88, 244
128, 244
136, 244
160, 244
192, 244
200, 244
248, 244
304, 244
328, 244
376, 244
384, 244
408, 244
432, 244
456, 244
488, 244
512, 244
520, 244
560, 244
568, 244
592, 244
608, 244
656, 244
664, 244
672, 244
696, 244
712, 244
720, 244
728, 244
752, 244
760, 244
784, 244
808, 244
832, 244
848, 244
872, 244
880, 244
896, 244
960, 244
976, 244
1016, 244
1024, 244
1032, 244
1040, 244
1048, 244
1064, 244
1072, 244
1080, 244
1120, 244
1136, 244
1144, 244
1176, 244
1184, 244
1200, 244
1216, 244
1248, 244
1256, 244
1264, 244
1272, 244
1027, 245
414, 246
421, 247
431, 247
729, 247
52, 248
60, 248
68, 248
108, 248
116, 248
124, 248
132, 248
140, 248
148, 248
164, 248
172, 248
196, 248
204, 248
228, 248
268, 248
276, 248
324, 248
332, 248
340, 248
364, 248
372, 248
380, 248
404, 248
444, 248
492, 248
500, 248
508, 248
548, 248
556, 248
572, 248
588, 248
596, 248
636, 248
644, 248
652, 248
660, 248
732, 248
748, 248
780, 248
916, 248
924, 248
932, 248
948, 248
972, 248
980, 248
1012, 248
1020, 248
1028, 248
1044, 248
1060, 248
1084, 248
1108, 248
1164, 248
1172, 248
1180, 248
1188, 248
1236, 248
3, 249
11, 249
43, 249
51, 249
91, 249
131, 249
147, 249
155, 249
195, 249
219, 249
243, 249
275, 249
355, 249
371, 249
387, 249
419, 249
435, 249
443, 249
467, 249
475, 249
491, 249
499, 249
515, 249
571, 249
603, 249
643, 249
667, 249
683, 249
691, 249
715, 249
779, 249
803, 249
811, 249
867, 249
891, 249
899, 249
955, 249
979, 249
995, 249
1003, 249
1011, 249
1027, 249
1035, 249
1099, 249
1115, 249
1139, 249
1155, 249
1171, 249
1187, 249
1255, 249
1259, 249
170, 250
463, 250
900, 250
715, 251
744, 251
1191, 251
388, 252
692, 252
7, 253
63, 253
79, 253
103, 253
111, 253
119, 253
127, 253
151, 253
183, 253
207, 253
239, 253
303, 253
319, 253
415, 253
423, 253
439, 253
455, 253
463, 253
479, 253
487, 253
495, 253
511, 253
519, 253
551, 253
567, 253
575, 253
599, 253
607, 253
615, 253
631, 253
655, 253
719, 253
751, 253
767, 253
775, 253
799, 253
823, 253
847, 253
871, 253
911, 253
919, 253
927, 253
935, 253
951, 253
967, 253
991, 253
1015, 253
1039, 253
1047, 253
1055, 253
1071, 253
1079, 253
1103, 253
1111, 253
1167, 253
1194, 253
1215, 253
1255, 253
0, 254
8, 254
32, 254
48, 254
64, 254
80, 254
88, 254
128, 254
136, 254
160, 254
192, 254
240, 254
248, 254
292, 254
304, 254
376, 254
384, 254
408, 254
432, 254
456, 254
488, 254
512, 254
520, 254
560, 254
568, 254
592, 254
608, 254
656, 254
664, 254
672, 254
712, 254
720, 254
728, 254
752, 254
760, 254
784, 254
808, 254
832, 254
848, 254
864, 254
872, 254
880, 254
896, 254
976, 254
984, 254
1016, 254
1024, 254
1032, 254
1040, 254
1048, 254
1072, 254
1080, 254
1120, 254
1136, 254
1144, 254
1176, 254
1184, 254
1200, 254
1216, 254
1248, 254
1256, 254
1264, 254
1272, 254
1043, 255
52, 258
60, 258
68, 258
100, 258
108, 258
116, 258
124, 258
132, 258
140, 258
164, 258
172, 258
196, 258
204, 258
228, 258
268, 258
276, 258
284, 258
316, 258
324, 258
332, 258
340, 258
372, 258
380, 258
404, 258
444, 258
454, 258
492, 258
500, 258
508, 258
548, 258
556, 258
572, 258
588, 258
596, 258
628, 258
636, 258
644, 258
660, 258
708, 258
732, 258
748, 258
780, 258
916, 258
924, 258
932, 258
948, 258
972, 258
980, 258
1012, 258
1020, 258
1021, 258
1028, 258
1044, 258
1060, 258
1084, 258
1108, 258
1164, 258
1172, 258
1180, 258
1188, 258
1236, 258
3, 259
11, 259
43, 259
51, 259
67, 259
91, 259
131, 259
147, 259
155, 259
195, 259
219, 259
243, 259
275, 259
307, 259
355, 259
371, 259
387, 259
419, 259
435, 259
443, 259
467, 259
475, 259
491, 259
499, 259
515, 259
571, 259
603, 259
643, 259
667, 259
683, 259
691, 259
715, 259
779, 259
803, 259
811, 259
899, 259
955, 259
979, 259
995, 259
1011, 259
1027, 259
1035, 259
1099, 259
1115, 259
1139, 259
1155, 259
1171, 259
1187, 259
1259, 259
664, 260
98, 261
435, 262
670, 262
1098, 262
7, 263
63, 263
79, 263
111, 263
119, 263
127, 263
151, 263
167, 263
183, 263
207, 263
287, 263
303, 263
319, 263
415, 263
423, 263
439, 263
455, 263
463, 263
479, 263
487, 263
495, 263
511, 263
519, 263
551, 263
567, 263
575, 263
599, 263
607, 263
615, 263
631, 263
655, 263
719, 263
751, 263
752, 263
759, 263
767, 263
775, 263
799, 263
823, 263
847, 263
871, 263
911, 263
919, 263
927, 263
935, 263
951, 263
967, 263
991, 263
1015, 263
1039, 263
1047, 263
1055, 263
1071, 263
1079, 263
1103, 263
1111, 263
1167, 263
1215, 263
1255, 263
1279, 263
0, 264
8, 264
48, 264
64, 264
80, 264
88, 264
128, 264
136, 264
160, 264
192, 264
203, 264
248, 264
256, 264
376, 264
384, 264
408, 264
432, 264
456, 264
473, 264
488, 264
512, 264
520, 264
560, 264
568, 264
592, 264
608, 264
656, 264
664, 264
672, 264
712, 264
720, 264
728, 264
752, 264
760, 264
784, 264
808, 264
832, 264
848, 264
872, 264
880, 264
896, 264
960, 264
976, 264
984, 264
1016, 264
1024, 264
1032, 264
1040, 264
1048, 264
1064, 264
1072, 264
1080, 264
1136, 264
1144, 264
1176, 264
1184, 264
1200, 264
1216, 264
1248, 264
1256, 264
1264, 264
1272, 264
1225, 266
1035, 267
52, 268
60, 268
68, 268
100, 268
108, 268
116, 268
124, 268
132, 268
140, 268
148, 268
164, 268
172, 268
196, 268
228, 268
268, 268
276, 268
316, 268
324, 268
332, 268
340, 268
372, 268
380, 268
404, 268
444, 268
492, 268
500, 268
508, 268
548, 268
556, 268
572, 268
588, 268
596, 268
636, 268
644, 268
652, 268
660, 268
732, 268
748, 268
780, 268
916, 268
918, 268
924, 268
932, 268
948, 268
972, 268
980, 268
1012, 268
1020, 268
1028, 268
1044, 268
1060, 268
1084, 268
1108, 268
1164, 268
1172, 268
1180, 268
1188, 268
1236, 268
3, 269
11, 269
43, 269
51, 269
91, 269
131, 269
147, 269
155, 269
179, 269
195, 269
219, 269
243, 269
251, 269
275, 269
355, 269
371, 269
419, 269
435, 269
443, 269
467, 269
475, 269
491, 269
499, 269
515, 269
571, 269
603, 269
643, 269
667, 269
683, 269
691, 269
715, 269
734, 269
779, 269
795, 269
803, 269
811, 269
899, 269
900, 269
923, 269
955, 269
979, 269
986, 269
995, 269
1011, 269
1027, 269
1035, 269
1060, 269
1083, 269
1099, 269
1115, 269
1139, 269
1155, 269
1171, 269
1187, 269
1259, 269
165, 270
909, 270
410, 271
125, 272
252, 272
599, 272
831, 272
7, 273
62, 273
63, 273
79, 273
103, 273
111, 273
119, 273
127, 273
136, 273
151, 273
183, 273
207, 273
303, 273
319, 273
415, 273
423, 273
439, 273
455, 273
463, 273
479, 273
487, 273
495, 273
511, 273
519, 273
551, 273
567, 273
575, 273
599, 273
607, 273
615, 273
631, 273
655, 273
719, 273
751, 273
767, 273
775, 273
799, 273
823, 273
847, 273
871, 273
911, 273
919, 273
927, 273
935, 273
943, 273
951, 273
967, 273
991, 273
1015, 273
1031, 273
1047, 273
1055, 273
1071, 273
1079, 273
1103, 273
1111, 273
1167, 273
1199, 273
1215, 273
1255, 273
0, 274
32, 274
48, 274
64, 274
80, 274
88, 274
128, 274
136, 274
160, 274
192, 274
200, 274
248, 274
304, 274
336, 274
376, 274
384, 274
408, 274
432, 274
456, 274
488, 274
512, 274
520, 274
560, 274
568, 274
584, 274
592, 274
608, 274
656, 274
664, 274
672, 274
712, 274
720, 274
728, 274
752, 274
760, 274
784, 274
808, 274
832, 274
848, 274
864, 274
872, 274
880, 274
896, 274
976, 274
1016, 274
1024, 274
1032, 274
1040, 274
1048, 274
1072, 274
1080, 274
1120, 274
1136, 274
1144, 274
1184, 274
1200, 274
1216, 274
1248, 274
1256, 274
1264, 274
1272, 274
277, 275
790, 276
1185, 276
52, 278
60, 278
68, 278
108, 278
116, 278
124, 278
132, 278
140, 278
164, 278
172, 278
196, 278
228, 278
268, 278
276, 278
316, 278
324, 278
332, 278
340, 278
346, 278
372, 278
380, 278
404, 278
444, 278
492, 278
500, 278
508, 278
548, 278
556, 278
572, 278
588, 278
596, 278
636, 278
644, 278
652, 278
660, 278
732, 278
748, 278
780, 278
916, 278
924, 278
932, 278
948, 278
972, 278
980, 278
1012, 278
1020, 278
1028, 278
1044, 278
1060, 278
1084, 278
1108, 278
1164, 278
1172, 278
1180, 278
1188, 278
1236, 278
3, 279
11, 279
43, 279
51, 279
91, 279
131, 279
147, 279
155, 279
195, 279
219, 279
243, 279
275, 279
283, 279
355, 279
371, 279
387, 279
419, 279
435, 279
443, 279
467, 279
475, 279
491, 279
499, 279
515, 279
571, 279
603, 279
643, 279
667, 279
683, 279
715, 279
779, 279
795, 279
803, 279
811, 279
899, 279
955, 279
979, 279
995, 279
1011, 279
1027, 279
1035, 279
1083, 279
1099, 279
1115, 279
1139, 279
1155, 279
1171, 279
1187, 279
1259, 279
814, 280
60, 282
248, 282
7, 283
63, 283
79, 283
103, 283
111, 283
119, 283
127, 283
151, 283
183, 283
207, 283
303, 283
319, 283
415, 283
423, 283
439, 283
455, 283
463, 283
479, 283
487, 283
495, 283
511, 283
519, 283
551, 283
567, 283
575, 283
599, 283
607, 283
615, 283
631, 283
655, 283
695, 283
719, 283
751, 283
767, 283
775, 283
799, 283
823, 283
847, 283
871, 283
911, 283
919, 283
927, 283
935, 283
951, 283
967, 283
991, 283
1015, 283
1039, 283
1047, 283
1055, 283
1071, 283
1079, 283
1103, 283
1111, 283
1167, 283
1215, 283
1255, 283
0, 284
8, 284
48, 284
64, 284
80, 284
88, 284
128, 284
136, 284
160, 284
192, 284
200, 284
232, 284
248, 284
304, 284
376, 284
384, 284
408, 284
432, 284
456, 284
488, 284
512, 284
520, 284
560, 284
568, 284
592, 284
608, 284
656, 284
664, 284
672, 284
712, 284
720, 284
728, 284
752, 284
760, 284
784, 284
808, 284
832, 284
848, 284
872, 284
880, 284
890, 284
896, 284
976, 284
984, 284
1016, 284
1024, 284
1032, 284
1040, 284
1072, 284
1080, 284
1120, 284
1136, 284
1144, 284
1176, 284
1184, 284
1200, 284
1248, 284
1256, 284
1264, 284
1272, 284
1234, 285
879, 286
52, 288
60, 288
68, 288
100, 288
108, 288
116, 288
124, 288
132, 288
140, 288
164, 288
172, 288
196, 288
204, 288
228, 288
268, 288
276, 288
316, 288
324, 288
332, 288
340, 288
364, 288
372, 288
380, 288
404, 288
444, 288
492, 288
500, 288
508, 288
548, 288
556, 288
572, 288
588, 288
596, 288
636, 288
644, 288
652, 288
660, 288
662, 288
732, 288
748, 288
772, 288
780, 288
916, 288
924, 288
932, 288
948, 288
972, 288
980, 288
1012, 288
1020, 288
1028, 288
1044, 288
1060, 288
1108, 288
1164, 288
1172, 288
1180, 288
1188, 288
1236, 288
3, 289
11, 289
43, 289
51, 289
91, 289
131, 289
147, 289
155, 289
165, 289
195, 289
219, 289
243, 289
251, 289
275, 289
307, 289
355, 289
371, 289
387, 289
419, 289
435, 289
443, 289
467, 289
475, 289
485, 289
491, 289
499, 289
571, 289
603, 289
643, 289
667, 289
683, 289
715, 289
779, 289
795, 289
803, 289
811, 289
846, 289
899, 289
955, 289
979, 289
995, 289
1011, 289
1027, 289
1035, 289
1083, 289
1099, 289
1115, 289
1139, 289
1155, 289
1171, 289
1179, 289
1187, 289
1235, 289
1259, 289
259, 290
1017, 290
429, 291
884, 291
7, 293
55, 293
63, 293
79, 293
111, 293
119, 293
127, 293
151, 293
183, 293
207, 293
303, 293
319, 293
406, 293
415, 293
423, 293
439, 293
455, 293
463, 293
479, 293
487, 293
495, 293
511, 293
519, 293
551, 293
567, 293
575, 293
599, 293
607, 293
615, 293
631, 293
655, 293
719, 293
751, 293
759, 293
767, 293
775, 293
799, 293
847, 293
911, 293
919, 293
927, 293
935, 293
951, 293
967, 293
991, 293
1015, 293
1039, 293
1047, 293
1055, 293
1071, 293
1079, 293
1103, 293
1111, 293
1167, 293
1199, 293
1215, 293
1255, 293
0, 294
32, 294
48, 294
64, 294
80, 294
88, 294
128, 294
136, 294
160, 294
184, 294
192, 294
248, 294
256, 294
304, 294
336, 294
376, 294
384, 294
408, 294
432, 294
456, 294
488, 294
512, 294
520, 294
560, 294
568, 294
584, 294
592, 294
608, 294
664, 294
672, 294
696, 294
712, 294
720, 294
728, 294
752, 294
760, 294
784, 294
808, 294
832, 294
848, 294
872, 294
880, 294
896, 294
960, 294
976, 294
984, 294
1016, 294
1024, 294
1032, 294
1040, 294
1048, 294
1064, 294
1072, 294
1080, 294
1120, 294
1136, 294
1144, 294
1184, 294
1200, 294
1216, 294
1248, 294
1256, 294
1264, 294
1272, 294
315, 295
615, 295
917, 296
234, 297
582, 297
852, 297
52, 298
60, 298
68, 298
100, 298
108, 298
116, 298
124, 298
132, 298
140, 298
148, 298
164, 298
172, 298
196, 298
204, 298
228, 298
268, 298
276, 298
316, 298
324, 298
332, 298
340, 298
372, 298
380, 298
404, 298
444, 298
492, 298
500, 298
508, 298
548, 298
556, 298
572, 298
588, 298
596, 298
628, 298
636, 298
644, 298
652, 298
660, 298
732, 298
748, 298
780, 298
916, 298
924, 298
932, 298
948, 298
972, 298
980, 298
1012, 298
1020, 298
1028, 298
1044, 298
1060, 298
1084, 298
1108, 298
1164, 298
1172, 298
1180, 298
1188, 298
1236, 298
3, 299
11, 299
43, 299
51, 299
91, 299
131, 299
147, 299
155, 299
179, 299
195, 299
243, 299
275, 299
355, 299
371, 299
387, 299
419, 299
435, 299
443, 299
444, 299
445, 299
467, 299
475, 299
491, 299
499, 299
515, 299
571, 299
603, 299
643, 299
667, 299
683, 299
691, 299
715, 299
773, 299
779, 299
795, 299
803, 299
811, 299
867, 299
899, 299
955, 299
979, 299
992, 299
995, 299
1003, 299
1011, 299
1027, 299
1035, 299
1099, 299
1115, 299
1139, 299
1155, 299
1171, 299
1187, 299
1259, 299
276, 300
249, 301
508, 301
683, 301
824, 301
771, 302
927, 302
7, 303
55, 303
63, 303
68, 303
79, 303
103, 303
111, 303
119, 303
127, 303
151, 303
183, 303
207, 303
239, 303
303, 303
319, 303
383, 303
415, 303
423, 303
439, 303
455, 303
463, 303
479, 303
487, 303
495, 303
511, 303
519, 303
551, 303
567, 303
575, 303
599, 303
607, 303
615, 303
631, 303
655, 303
719, 303
735, 303
751, 303
759, 303
767, 303
771, 303
775, 303
799, 303
815, 303
823, 303
847, 303
871, 303
911, 303
919, 303
927, 303
935, 303
951, 303
967, 303
991, 303
1015, 303
1039, 303
1047, 303
1055, 303
1071, 303
1079, 303
1103, 303
1111, 303
1167, 303
1199, 303
1215, 303
1255, 303
0, 304
32, 304
48, 304
64, 304
80, 304
88, 304
128, 304
136, 304
160, 304
184, 304
192, 304
240, 304
248, 304
256, 304
304, 304
336, 304
351, 304
376, 304
384, 304
408, 304
432, 304
456, 304
488, 304
512, 304
520, 304
560, 304
568, 304
592, 304
608, 304
656, 304
664, 304
672, 304
712, 304
720, 304
724, 304
728, 304
752, 304
760, 304
784, 304
796, 304
808, 304
832, 304
848, 304
864, 304
872, 304
880, 304
896, 304
960, 304
976, 304
984, 304
1016, 304
1024, 304
1032, 304
1040, 304
1048, 304
1064, 304
1072, 304
1080, 304
1120, 304
1136, 304
1144, 304
1176, 304
1184, 304
1200, 304
1216, 304
1248, 304
1256, 304
1264, 304
1272, 304
237, 306
1004, 306
52, 308
60, 308
68, 308
108, 308
116, 308
124, 308
132, 308
140, 308
164, 308
172, 308
196, 308
204, 308
227, 308
228, 308
241, 308
268, 308
276, 308
316, 308
324, 308
332, 308
340, 308
372, 308
380, 308
404, 308
436, 308
444, 308
492, 308
500, 308
508, 308
548, 308
556, 308
572, 308
588, 308
596, 308
628, 308
636, 308
644, 308
660, 308
732, 308
748, 308
780, 308
916, 308
924, 308
932, 308
948, 308
972, 308
980, 308
1012, 308
1020, 308
1028, 308
1044, 308
1060, 308
1084, 308
1108, 308
1164, 308
1172, 308
1180, 308
1188, 308
1236, 308
3, 309
11, 309
43, 309
51, 309
91, 309
131, 309
147, 309
155, 309
163, 309
195, 309
219, 309
243, 309
275, 309
283, 309
307, 309
355, 309
371, 309
387, 309
419, 309
435, 309
443, 309
467, 309
475, 309
491, 309
499, 309
515, 309
571, 309
643, 309
667, 309
683, 309
715, 309
779, 309
795, 309
803, 309
811, 309
899, 309
955, 309
971, 309
979, 309
995, 309
1011, 309
1027, 309
1035, 309
1099, 309
1102, 309
1115, 309
1139, 309
1155, 309
1171, 309
1187, 309
1259, 309
511, 311
873, 311
962, 312
7, 313
63, 313
71, 313
79, 313
103, 313
111, 313
119, 313
127, 313
151, 313
167, 313
183, 313
207, 313
287, 313
303, 313
319, 313
381, 313
415, 313
423, 313
439, 313
455, 313
463, 313
479, 313
487, 313
495, 313
511, 313
519, 313
551, 313
567, 313
575, 313
599, 313
607, 313
615, 313
631, 313
655, 313
719, 313
751, 313
759, 313
767, 313
775, 313
799, 313
847, 313
871, 313
911, 313
919, 313
927, 313
935, 313
951, 313
967, 313
991, 313
1015, 313
1031, 313
1039, 313
1047, 313
1055, 313
1071, 313
1079, 313
1103, 313
1111, 313
1167, 313
1199, 313
1215, 313
1255, 313
0, 314
48, 314
64, 314
80, 314
88, 314
128, 314
136, 314
160, 314
192, 314
248, 314
256, 314
304, 314
336, 314
376, 314
384, 314
408, 314
432, 314
456, 314
488, 314
512, 314
520, 314
560, 314
568, 314
592, 314
608, 314
664, 314
672, 314
712, 314
720, 314
728, 314
752, 314
760, 314
784, 314
808, 314
832, 314
848, 314
864, 314
872, 314
880, 314
896, 314
960, 314
976, 314
984, 314
1012, 314
1016, 314
1024, 314
1032, 314
1040, 314
1048, 314
1072, 314
1080, 314
1120, 314
1136, 314
1144, 314
1184, 314
1200, 314
1216, 314
1248, 314
1255, 314
1256, 314
1264, 314
1272, 314
501, 315
800, 315
1127, 315
473, 316
678, 316
1149, 316
1263, 316
120, 317
635, 317
951, 317
52, 318
60, 318
68, 318
100, 318
108, 318
116, 318
124, 318
132, 318
140, 318
148, 318
164, 318
172, 318
196, 318
204, 318
228, 318
268, 318
276, 318
324, 318
332, 318
340, 318
364, 318
372, 318
380, 318
404, 318
444, 318
492, 318
500, 318
508, 318
548, 318
556, 318
572, 318
588, 318
596, 318
636, 318
644, 318
652, 318
660, 318
732, 318
748, 318
780, 318
916, 318
924, 318
932, 318
948, 318
972, 318
980, 318
1012, 318
1020, 318
1028, 318
1044, 318
1060, 318
1061, 318
1108, 318
1164, 318
1172, 318
1180, 318
1188, 318
1236, 318
3, 319
11, 319
43, 319
51, 319
91, 319
131, 319
147, 319
155, 319
179, 319
195, 319
219, 319
243, 319
275, 319
307, 319
355, 319
371, 319
387, 319
419, 319
433, 319
435, 319
443, 319
467, 319
475, 319
491, 319
499, 319
515, 319
571, 319
643, 319
667, 319
683, 319
715, 319
779, 319
803, 319
811, 319
891, 319
899, 319
955, 319
979, 319
995, 319
1011, 319
1027, 319
1035, 319
1099, 319
1115, 319
1139, 319
1155, 319
1171, 319
1187, 319
1259, 319
487, 320
1126, 320
823, 321
7, 323
63, 323
79, 323
103, 323
111, 323
119, 323
127, 323
151, 323
183, 323
207, 323
287, 323
319, 323
415, 323
423, 323
455, 323
463, 323
479, 323
487, 323
495, 323
511, 323
519, 323
551, 323
567, 323
575, 323
599, 323
607, 323
615, 323
631, 323
655, 323
719, 323
751, 323
759, 323
767, 323
775, 323
799, 323
847, 323
871, 323
911, 323
919, 323
927, 323
935, 323
951, 323
967, 323
991, 323
1015, 323
1039, 323
1047, 323
1055, 323
1071, 323
1079, 323
1103, 323
1111, 323
1167, 323
1215, 323
1255, 323
0, 324
8, 324
32, 324
48, 324
64, 324
80, 324
88, 324
128, 324
136, 324
160, 324
192, 324
248, 324
304, 324
336, 324
376, 324
384, 324
408, 324
432, 324
456, 324
488, 324
512, 324
520, 324
560, 324
568, 324
584, 324
592, 324
608, 324
656, 324
664, 324
672, 324
712, 324
720, 324
728, 324
752, 324
760, 324
784, 324
808, 324
832, 324
848, 324
872, 324
880, 324
896, 324
976, 324
984, 324
1016, 324
1024, 324
1032, 324
1040, 324
1048, 324
1064, 324
1072, 324
1080, 324
1120, 324
1136, 324
1144, 324
1184, 324
1200, 324
1248, 324
1256, 324
1264, 324
1272, 324
120, 325
654, 327
52, 328
60, 328
68, 328
100, 328
108, 328
116, 328
124, 328
132, 328
140, 328
148, 328
164, 328
172, 328
196, 328
204, 328
228, 328
268, 328
276, 328
284, 328
324, 328
332, 328
340, 328
372, 328
380, 328
404, 328
444, 328
492, 328
500, 328
508, 328
548, 328
556, 328
572, 328
588, 328
596, 328
636, 328
644, 328
660, 328
732, 328
748, 328
780, 328
892, 328
916, 328
924, 328
932, 328
948, 328
972, 328
980, 328
1012, 328
1020, 328
1028, 328
1044, 328
1060, 328
1084, 328
1108, 328
1164, 328
1172, 328
1180, 328
1188, 328
1236, 328
3, 329
11, 329
43, 329
51, 329
67, 329
91, 329
131, 329
147, 329
155, 329
195, 329
219, 329
243, 329
275, 329
355, 329
371, 329
419, 329
435, 329
443, 329
467, 329
475, 329
491, 329
499, 329
571, 329
603, 329
643, 329
667, 329
683, 329
691, 329
715, 329
725, 329
779, 329
803, 329
811, 329
877, 329
899, 329
955, 329
979, 329
995, 329
1011, 329
1027, 329
1035, 329
1099, 329
1115, 329
1139, 329
1155, 329
1171, 329
1187, 329
1259, 329
1079, 331
662, 332
7, 333
63, 333
79, 333
111, 333
119, 333
127, 333
151, 333
183, 333
207, 333
239, 333
286, 333
297, 333
303, 333
304, 333
319, 333
351, 333
391, 333
415, 333
423, 333
455, 333
463, 333
479, 333
487, 333
495, 333
511, 333
519, 333
551, 333
567, 333
575, 333
599, 333
607, 333
615, 333
631, 333
655, 333
719, 333
751, 333
767, 333
775, 333
799, 333
823, 333
847, 333
871, 333
911, 333
919, 333
927, 333
935, 333
951, 333
967, 333
991, 333
1015, 333
1039, 333
1047, 333
1055, 333
1071, 333
1079, 333
1103, 333
1111, 333
1167, 333
1199, 333
1215, 333
1255, 333
0, 334
32, 334
48, 334
64, 334
80, 334
84, 334
88, 334
128, 334
136, 334
160, 334
192, 334
248, 334
304, 334
336, 334
376, 334
384, 334
408, 334
432, 334
488, 334
512, 334
520, 334
560, 334
568, 334
592, 334
608, 334
656, 334
664, 334
672, 334
696, 334
712, 334
720, 334
728, 334
752, 334
760, 334
784, 334
808, 334
832, 334
848, 334
872, 334
880, 334
896, 334
960, 334
976, 334
984, 334
1016, 334
1024, 334
1032, 334
1040, 334
1048, 334
1064, 334
1072, 334
1080, 334
1120, 334
1136, 334
1144, 334
1176, 334
1184, 334
1200, 334
1216, 334
1248, 334
1256, 334
1264, 334
1272, 334
16, 335
1140, 335
1237, 335
273, 336
1118, 336
246, 337
743, 337
52, 338
60, 338
68, 338
108, 338
116, 338
124, 338
132, 338
140, 338
164, 338
172, 338
196, 338
204, 338
228, 338
268, 338
276, 338
284, 338
316, 338
324, 338
332, 338
340, 338
372, 338
380, 338
404, 338
444, 338
492, 338
500, 338
508, 338
548, 338
556, 338
572, 338
588, 338
596, 338
636, 338
644, 338
660, 338
732, 338
748, 338
772, 338
780, 338
916, 338
924, 338
932, 338
948, 338
972, 338
980, 338
1012, 338
1020, 338
1028, 338
1044, 338
1060, 338
1108, 338
1164, 338
1172, 338
1180, 338
1188, 338
1236, 338
3, 339
11, 339
43, 339
51, 339
91, 339
131, 339
147, 339
155, 339
179, 339
195, 339
219, 339
243, 339
256, 339
275, 339
355, 339
371, 339
419, 339
435, 339
443, 339
467, 339
475, 339
491, 339
499, 339
515, 339
571, 339
603, 339
643, 339
667, 339
683, 339
691, 339
715, 339
734, 339
779, 339
803, 339
811, 339
891, 339
899, 339
955, 339
979, 339
995, 339
1011, 339
1027, 339
1035, 339
1083, 339
1099, 339
1115, 339
1139, 339
1155, 339
1171, 339
1187, 339
1259, 339
1111, 340
237, 341
997, 342
7, 343
63, 343
79, 343
111, 343
119, 343
127, 343
151, 343
183, 343
207, 343
303, 343
319, 343
415, 343
423, 343
439, 343
455, 343
463, 343
479, 343
487, 343
495, 343
511, 343
519, 343
551, 343
567, 343
575, 343
599, 343
602, 343
607, 343
615, 343
631, 343
655, 343
719, 343
751, 343
767, 343
775, 343
799, 343
847, 343
871, 343
911, 343
919, 343
927, 343
935, 343
951, 343
967, 343
991, 343
1015, 343
1039, 343
1047, 343
1055, 343
1071, 343
1079, 343
1103, 343
1111, 343
1167, 343
1215, 343
1255, 343
1279, 343
0, 344
48, 344
64, 344
80, 344
88, 344
128, 344
136, 344
160, 344
184, 344
192, 344
248, 344
328, 344
336, 344
376, 344
384, 344
408, 344
432, 344
456, 344
488, 344
512, 344
520, 344
560, 344
568, 344
592, 344
608, 344
656, 344
664, 344
672, 344
712, 344
720, 344
728, 344
752, 344
760, 344
784, 344
808, 344
832, 344
848, 344
872, 344
880, 344
896, 344
976, 344
984, 344
1016, 344
1024, 344
1032, 344
1040, 344
1048, 344
1064, 344
1072, 344
1080, 344
1120, 344
1136, 344
1144, 344
1176, 344
1184, 344
1200, 344
1216, 344
1248, 344
1256, 344
1264, 344
1272, 344
78, 345
113, 346
514, 347
684, 347
52, 348
60, 348
68, 348
100, 348
108, 348
116, 348
124, 348
132, 348
140, 348
148, 348
164, 348
172, 348
196, 348
228, 348
268, 348
276, 348
316, 348
324, 348
332, 348
372, 348
380, 348
404, 348
444, 348
492, 348
500, 348
508, 348
548, 348
556, 348
572, 348
588, 348
596, 348
636, 348
644, 348
652, 348
660, 348
732, 348
748, 348
780, 348
916, 348
924, 348
932, 348
948, 348
972, 348
980, 348
1012, 348
1020, 348
1028, 348
1044, 348
1060, 348
1108, 348
1164, 348
1172, 348
1180, 348
1188, 348
1236, 348
3, 349
11, 349
43, 349
51, 349
91, 349
131, 349
147, 349
155, 349
195, 349
219, 349
243, 349
251, 349
258, 349
275, 349
307, 349
355, 349
371, 349
387, 349
419, 349
435, 349
443, 349
447, 349
467, 349
475, 349
491, 349
499, 349
515, 349
571, 349
603, 349
643, 349
667, 349
683, 349
715, 349
719, 349
779, 349
803, 349
811, 349
899, 349
955, 349
979, 349
995, 349
1011, 349
1027, 349
1035, 349
1083, 349
1099, 349
1115, 349
1139, 349
1155, 349
1171, 349
1187, 349
1255, 349
1259, 349
7, 353
63, 353
79, 353
111, 353
119, 353
127, 353
151, 353
183, 353
207, 353
287, 353
303, 353
319, 353
415, 353
423, 353
439, 353
455, 353
463, 353
479, 353
487, 353
495, 353
511, 353
519, 353
551, 353
567, 353
575, 353
599, 353
607, 353
615, 353
631, 353
655, 353
719, 353
751, 353
759, 353
767, 353
775, 353
799, 353
823, 353
847, 353
871, 353
911, 353
919, 353
927, 353
935, 353
951, 353
967, 353
991, 353
1015, 353
1039, 353
1047, 353
1055, 353
1071, 353
1079, 353
1103, 353
1111, 353
1167, 353
1215, 353
1255, 353
1279, 353
0, 354
32, 354
48, 354
64, 354
80, 354
88, 354
128, 354
136, 354
160, 354
192, 354
200, 354
248, 354
304, 354
376, 354
384, 354
408, 354
432, 354
488, 354
512, 354
520, 354
560, 354
568, 354
592, 354
608, 354
656, 354
664, 354
672, 354
712, 354
720, 354
728, 354
752, 354
760, 354
784, 354
808, 354
832, 354
848, 354
872, 354
880, 354
896, 354
976, 354
984, 354
1016, 354
1024, 354
1032, 354
1040, 354
1064, 354
1072, 354
1080, 354
1120, 354
1136, 354
1144, 354
1176, 354
1184, 354
1200, 354
1216, 354
1231, 354
1248, 354
1256, 354
1264, 354
1272, 354
1081, 355
543, 356
1121, 356
463, 357
872, 357
52, 358
60, 358
68, 358
108, 358
116, 358
124, 358
132, 358
140, 358
148, 358
164, 358
172, 358
196, 358
204, 358
228, 358
237, 358
268, 358
276, 358
316, 358
324, 358
332, 358
340, 358
372, 358
380, 358
404, 358
444, 358
492, 358
500, 358
508, 358
548, 358
556, 358
572, 358
588, 358
596, 358
636, 358
644, 358
652, 358
660, 358
732, 358
748, 358
780, 358
916, 358
924, 358
932, 358
948, 358
972, 358
980, 358
1012, 358
1020, 358
1028, 358
1044, 358
1060, 358
1084, 358
1108, 358
1164, 358
1172, 358
1180, 358
1188, 358
1236, 358
3, 359
11, 359
43, 359
51, 359
91, 359
131, 359
138, 359
147, 359
155, 359
179, 359
195, 359
219, 359
243, 359
275, 359
355, 359
371, 359
387, 359
419, 359
435, 359
443, 359
467, 359
475, 359
491, 359
499, 359
519, 359
571, 359
603, 359
643, 359
667, 359
683, 359
691, 359
715, 359
779, 359
795, 359
803, 359
811, 359
899, 359
955, 359
979, 359
995, 359
1003, 359
1011, 359
1027, 359
1035, 359
1099, 359
1115, 359
1127, 359
1139, 359
1155, 359
1171, 359
1187, 359
1259, 359
937, 360
245, 361
845, 361
313, 362
403, 362
7, 363
63, 363
79, 363
103, 363
111, 363
119, 363
127, 363
151, 363
183, 363
207, 363
287, 363
303, 363
319, 363
415, 363
423, 363
439, 363
455, 363
463, 363
479, 363
487, 363
495, 363
511, 363
519, 363
551, 363
567, 363
575, 363
599, 363
607, 363
615, 363
631, 363
655, 363
719, 363
751, 363
767, 363
775, 363
799, 363
823, 363
847, 363
871, 363
911, 363
919, 363
927, 363
935, 363
951, 363
967, 363
991, 363
1015, 363
1031, 363
1039, 363
1047, 363
1055, 363
1071, 363
1079, 363
1103, 363
1111, 363
1167, 363
1183, 363
1199, 363
1215, 363
1255, 363
1270, 363
1279, 363
0, 364
8, 364
32, 364
48, 364
64, 364
80, 364
88, 364
128, 364
136, 364
160, 364
192, 364
200, 364
248, 364
256, 364
283, 364
336, 364
376, 364
384, 364
408, 364
432, 364
488, 364
512, 364
520, 364
560, 364
568, 364
584, 364
592, 364
608, 364
656, 364
664, 364
672, 364
712, 364
720, 364
728, 364
752, 364
760, 364
784, 364
808, 364
832, 364
848, 364
872, 364
880, 364
896, 364
900, 364
960, 364
976, 364
984, 364
996, 364
1016, 364
1024, 364
1032, 364
1040, 364
1048, 364
1072, 364
1080, 364
1120, 364
1136, 364
1144, 364
1176, 364
1184, 364
1200, 364
1216, 364
1248, 364
1256, 364
1264, 364
1272, 364
297, 365
668, 365
392, 366
549, 366
312, 367
52, 368
60, 368
68, 368
100, 368
108, 368
116, 368
124, 368
132, 368
135, 368
140, 368
164, 368
172, 368
196, 368
228, 368
268, 368
276, 368
284, 368
324, 368
332, 368
372, 368
380, 368
404, 368
444, 368
492, 368
500, 368
508, 368
548, 368
556, 368
572, 368
588, 368
596, 368
636, 368
644, 368
652, 368
660, 368
732, 368
748, 368
756, 368
780, 368
892, 368
916, 368
924, 368
932, 368
948, 368
972, 368
980, 368
1012, 368
1020, 368
1028, 368
1044, 368
1060, 368
1108, 368
1164, 368
1172, 368
1180, 368
1188, 368
1226, 368
1236, 368
3, 369
11, 369
43, 369
51, 369
91, 369
131, 369
147, 369
155, 369
195, 369
219, 369
243, 369
275, 369
355, 369
371, 369
419, 369
435, 369
443, 369
467, 369
475, 369
491, 369
499, 369
571, 369
603, 369
643, 369
667, 369
683, 369
691, 369
715, 369
779, 369
795, 369
803, 369
811, 369
899, 369
955, 369
979, 369
995, 369
1011, 369
1027, 369
1035, 369
1099, 369
1115, 369
1139, 369
1155, 369
1171, 369
1187, 369
1259, 369
145, 372
684, 372
1092, 372
7, 373
63, 373
79, 373
103, 373
111, 373
119, 373
127, 373
145, 373
151, 373
183, 373
207, 373
303, 373
319, 373
391, 373
393, 373
415, 373
423, 373
439, 373
455, 373
463, 373
479, 373
487, 373
495, 373
511, 373
519, 373
551, 373
567, 373
575, 373
599, 373
607, 373
615, 373
631, 373
655, 373
719, 373
751, 373
767, 373
775, 373
799, 373
847, 373
871, 373
911, 373
919, 373
927, 373
935, 373
951, 373
967, 373
991, 373
1015, 373
1039, 373
1047, 373
1055, 373
1071, 373
1079, 373
1103, 373
1111, 373
1167, 373
1199, 373
1215, 373
1255, 373
0, 374
32, 374
48, 374
64, 374
80, 374
88, 374
128, 374
136, 374
160, 374
188, 374
192, 374
200, 374
248, 374
256, 374
376, 374
384, 374
408, 374
432, 374
456, 374
488, 374
512, 374
520, 374
560, 374
568, 374
592, 374
608, 374
664, 374
672, 374
712, 374
720, 374
728, 374
752, 374
760, 374
784, 374
808, 374
832, 374
848, 374
872, 374
880, 374
896, 374
960, 374
976, 374
984, 374
1016, 374
1024, 374
1032, 374
1040, 374
1048, 374
1064, 374
1072, 374
1080, 374
1120, 374
1136, 374
1144, 374
1184, 374
1200, 374
1216, 374
1248, 374
1256, 374
1264, 374
1272, 374
21, 375
283, 375
443, 375
543, 376
52, 378
60, 378
68, 378
108, 378
116, 378
124, 378
132, 378
140, 378
148, 378
164, 378
172, 378
196, 378
204, 378
228, 378
268, 378
276, 378
316, 378
324, 378
332, 378
340, 378
372, 378
380, 378
404, 378
444, 378
492, 378
500, 378
508, 378
548, 378
556, 378
572, 378
588, 378
596, 378
636, 378
644, 378
660, 378
732, 378
748, 378
772, 378
780, 378
916, 378
924, 378
932, 378
948, 378
972, 378
980, 378
1012, 378
1020, 378
1028, 378
1044, 378
1060, 378
1108, 378
1164, 378
1172, 378
1180, 378
1188, 378
1236, 378
3, 379
11, 379
43, 379
51, 379
91, 379
131, 379
147, 379
155, 379
179, 379
195, 379
219, 379
243, 379
272, 379
275, 379
355, 379
371, 379
387, 379
419, 379
435, 379
443, 379
467, 379
475, 379
491, 379
499, 379
515, 379
571, 379
603, 379
643, 379
667, 379
683, 379
691, 379
715, 379
743, 379
779, 379
803, 379
811, 379
891, 379
899, 379
955, 379
979, 379
995, 379
1011, 379
1027, 379
1035, 379
1045, 379
1095, 379
1099, 379
1115, 379
1139, 379
1155, 379
1171, 379
1179, 379
1187, 379
1259, 379
268, 380
7, 383
63, 383
79, 383
103, 383
111, 383
119, 383
127, 383
151, 383
183, 383
207, 383
303, 383
319, 383
351, 383
391, 383
415, 383
423, 383
455, 383
463, 383
479, 383
487, 383
495, 383
511, 383
519, 383
551, 383
567, 383
599, 383
607, 383
615, 383
631, 383
655, 383
719, 383
735, 383
751, 383
759, 383
767, 383
775, 383
799, 383
815, 383
823, 383
847, 383
871, 383
911, 383
919, 383
927, 383
935, 383
951, 383
967, 383
991, 383
1015, 383
1031, 383
1039, 383
1047, 383
1055, 383
1071, 383
1079, 383
1103, 383
1111, 383
1167, 383
1199, 383
1215, 383
1255, 383
0, 384
32, 384
48, 384
64, 384
80, 384
88, 384
128, 384
136, 384
184, 384
192, 384
200, 384
248, 384
304, 384
335, 384
336, 384
376, 384
384, 384
408, 384
432, 384
448, 384
456, 384
488, 384
512, 384
520, 384
559, 384
560, 384
568, 384
592, 384
608, 384
656, 384
664, 384
672, 384
712, 384
720, 384
728, 384
752, 384
760, 384
784, 384
808, 384
832, 384
848, 384
864, 384
872, 384
880, 384
896, 384
960, 384
976, 384
984, 384
1016, 384
1024, 384
1032, 384
1040, 384
1048, 384
1064, 384
1072, 384
1080, 384
1120, 384
1136, 384
1144, 384
1176, 384
1184, 384
1188, 384
1200, 384
1216, 384
1248, 384
1256, 384
1264, 384
1272, 384
411, 385
159, 386
237, 386
1215, 386
1143, 387
52, 388
60, 388
68, 388
100, 388
108, 388
116, 388
124, 388
132, 388
140, 388
164, 388
172, 388
196, 388
204, 388
228, 388
268, 388
276, 388
316, 388
324, 388
332, 388
372, 388
380, 388
404, 388
444, 388
492, 388
500, 388
508, 388
548, 388
556, 388
572, 388
588, 388
596, 388
636, 388
644, 388
652, 388
660, 388
732, 388
748, 388
772, 388
780, 388
916, 388
924, 388
932, 388
948, 388
972, 388
980, 388
1012, 388
1020, 388
1028, 388
1044, 388
1060, 388
1084, 388
1108, 388
1164, 388
1172, 388
1180, 388
1188, 388
1236, 388
3, 389
11, 389
43, 389
51, 389
91, 389
131, 389
147, 389
155, 389
195, 389
219, 389
243, 389
251, 389
275, 389
355, 389
371, 389
387, 389
419, 389
435, 389
443, 389
467, 389
475, 389
491, 389
499, 389
515, 389
571, 389
603, 389
643, 389
667, 389
683, 389
691, 389
715, 389
779, 389
803, 389
811, 389
891, 389
899, 389
955, 389
971, 389
979, 389
995, 389
1011, 389
1027, 389
1035, 389
1099, 389
1106, 389
1115, 389
1139, 389
1155, 389
1171, 389
1187, 389
1259, 389
12, 390
265, 390
336, 390
418, 392
419, 392
7, 393
63, 393
79, 393
99, 393
103, 393
111, 393
119, 393
127, 393
151, 393
183, 393
207, 393
303, 393
319, 393
391, 393
415, 393
423, 393
455, 393
463, 393
479, 393
487, 393
495, 393
511, 393
519, 393
551, 393
567, 393
575, 393
599, 393
607, 393
615, 393
631, 393
655, 393
719, 393
751, 393
767, 393
775, 393
799, 393
847, 393
871, 393
911, 393
919, 393
927, 393
935, 393
951, 393
967, 393
991, 393
1015, 393
1039, 393
1047, 393
1055, 393
1071, 393
1079, 393
1103, 393
1111, 393
1167, 393
1183, 393
1215, 393
1255, 393
0, 394
32, 394
48, 394
64, 394
80, 394
88, 394
128, 394
136, 394
160, 394
192, 394
200, 394
248, 394
256, 394
258, 394
297, 394
376, 394
378, 394
384, 394
408, 394
432, 394
456, 394
488, 394
512, 394
520, 394
560, 394
568, 394
592, 394
608, 394
656, 394
664, 394
672, 394
712, 394
720, 394
728, 394
752, 394
760, 394
784, 394
808, 394
816, 394
832, 394
848, 394
872, 394
880, 394
896, 394
960, 394
976, 394
984, 394
1016, 394
1024, 394
1032, 394
1040, 394
1048, 394
1072, 394
1080, 394
1120, 394
1136, 394
1144, 394
1176, 394
1184, 394
1200, 394
1216, 394
1248, 394
1256, 394
1264, 394
1272, 394
45, 398
52, 398
60, 398
68, 398
100, 398
108, 398
116, 398
124, 398
132, 398
140, 398
148, 398
164, 398
172, 398
196, 398
204, 398
228, 398
268, 398
276, 398
316, 398
324, 398
332, 398
340, 398
372, 398
380, 398
404, 398
444, 398
492, 398
500, 398
508, 398
548, 398
556, 398
572, 398
588, 398
596, 398
636, 398
644, 398
652, 398
660, 398
732, 398
748, 398
780, 398
916, 398
924, 398
932, 398
948, 398
972, 398
976, 398
980, 398
1012, 398
1020, 398
1028, 398
1044, 398
1060, 398
1108, 398
1164, 398
1172, 398
1180, 398
1188, 398
1236, 398
3, 399
11, 399
43, 399
51, 399
91, 399
131, 399
147, 399
155, 399
179, 399
195, 399
219, 399
275, 399
355, 399
371, 399
419, 399
435, 399
443, 399
467, 399
475, 399
491, 399
499, 399
571, 399
603, 399
643, 399
667, 399
683, 399
691, 399
715, 399
779, 399
795, 399
803, 399
811, 399
899, 399
955, 399
979, 399
995, 399
1011, 399
1027, 399
1035, 399
1083, 399
1099, 399
1115, 399
1139, 399
1155, 399
1171, 399
1187, 399
1259, 399
455, 400
1068, 400
274, 401
44, 402
620, 402
719, 402
849, 402
7, 403
63, 403
79, 403
111, 403
119, 403
127, 403
151, 403
173, 403
183, 403
207, 403
287, 403
303, 403
319, 403
415, 403
423, 403
439, 403
455, 403
463, 403
479, 403
487, 403
495, 403
511, 403
519, 403
551, 403
567, 403
575, 403
599, 403
607, 403
615, 403
631, 403
655, 403
719, 403
751, 403
767, 403
775, 403
799, 403
810, 403
823, 403
847, 403
871, 403
911, 403
919, 403
927, 403
935, 403
951, 403
967, 403
991, 403
1015, 403
1039, 403
1047, 403
1055, 403
1071, 403
1079, 403
1103, 403
1111, 403
1167, 403
1215, 403
1255, 403
0, 404
8, 404
48, 404
64, 404
80, 404
88, 404
128, 404
136, 404
160, 404
192, 404
200, 404
248, 404
376, 404
384, 404
408, 404
432, 404
456, 404
488, 404
512, 404
560, 404
568, 404
592, 404
608, 404
656, 404
664, 404
672, 404
712, 404
720, 404
728, 404
752, 404
760, 404
784, 404
808, 404
832, 404
848, 404
872, 404
880, 404
896, 404
976, 404
984, 404
1024, 404
1032, 404
1040, 404
1048, 404
1064, 404
1072, 404
1080, 404
1136, 404
1144, 404
1184, 404
1200, 404
1216, 404
1248, 404
1256, 404
1264, 404
361, 405
1057, 406
499, 407
567, 407
624, 407
52, 408
60, 408
68, 408
108, 408
116, 408
124, 408
132, 408
140, 408
148, 408
164, 408
172, 408
196, 408
228, 408
268, 408
276, 408
316, 408
324, 408
332, 408
340, 408
372, 408
380, 408
404, 408
444, 408
492, 408
500, 408
508, 408
548, 408
556, 408
572, 408
588, 408
596, 408
636, 408
642, 408
644, 408
660, 408
732, 408
748, 408
780, 408
916, 408
924, 408
932, 408
948, 408
972, 408
980, 408
1012, 408
1020, 408
1028, 408
1044, 408
1060, 408
1108, 408
1164, 408
1172, 408
1180, 408
1188, 408
1236, 408
3, 409
11, 409
43, 409
51, 409
67, 409
91, 409
131, 409
147, 409
155, 409
195, 409
219, 409
243, 409
275, 409
355, 409
371, 409
387, 409
419, 409
435, 409
443, 409
467, 409
475, 409
491, 409
499, 409
515, 409
571, 409
603, 409
643, 409
667, 409
683, 409
691, 409
696, 409
715, 409
779, 409
803, 409
811, 409
891, 409
899, 409
955, 409
979, 409
995, 409
1011, 409
1027, 409
1035, 409
1083, 409
1099, 409
1115, 409
1139, 409
1155, 409
1171, 409
1187, 409
1259, 409
239, 410
564, 410
597, 410
41, 411
413, 411
775, 411
1115, 411
7, 413
63, 413
79, 413
103, 413
111, 413
119, 413
127, 413
151, 413
183, 413
207, 413
239, 413
303, 413
319, 413
415, 413
423, 413
455, 413
463, 413
479, 413
487, 413
495, 413
511, 413
519, 413
551, 413
567, 413
575, 413
599, 413
607, 413
615, 413
631, 413
655, 413
719, 413
751, 413
759, 413
767, 413
775, 413
799, 413
823, 413
847, 413
871, 413
900, 413
911, 413
919, 413
927, 413
935, 413
951, 413
967, 413
991, 413
1015, 413
1039, 413
1047, 413
1055, 413
1071, 413
1079, 413
1103, 413
1111, 413
1167, 413
1215, 413
1255, 413
0, 414
32, 414
48, 414
64, 414
80, 414
88, 414
128, 414
136, 414
160, 414
184, 414
192, 414
248, 414
304, 414
328, 414
376, 414
384, 414
408, 414
432, 414
441, 414
456, 414
488, 414
512, 414
520, 414
560, 414
568, 414
592, 414
608, 414
656, 414
664, 414
672, 414
712, 414
720, 414
728, 414
752, 414
760, 414
784, 414
799, 414
808, 414
832, 414
848, 414
872, 414
880, 414
896, 414
976, 414
984, 414
1016, 414
1024, 414
1032, 414
1040, 414
1048, 414
1064, 414
1072, 414
1080, 414
1120, 414
1136, 414
1144, 414
1184, 414
1200, 414
1216, 414
1248, 414
1256, 414
1264, 414
1272, 414
886, 415
137, 416
1241, 416
766, 417
52, 418
60, 418
68, 418
108, 418
116, 418
124, 418
132, 418
140, 418
148, 418
164, 418
172, 418
196, 418
204, 418
218, 418
228, 418
268, 418
276, 418
290, 418
316, 418
324, 418
332, 418
340, 418
372, 418
380, 418
404, 418
444, 418
492, 418
500, 418
508, 418
548, 418
556, 418
572, 418
588, 418
596, 418
636, 418
644, 418
652, 418
660, 418
732, 418
748, 418
780, 418
916, 418
924, 418
932, 418
948, 418
972, 418
980, 418
1012, 418
1020, 418
1028, 418
1044, 418
1060, 418
1084, 418
1108, 418
1164, 418
1172, 418
1180, 418
1188, 418
1236, 418
3, 419
11, 419
43, 419
51, 419
91, 419
131, 419
147, 419
155, 419
179, 419
195, 419
219, 419
243, 419
275, 419
283, 419
355, 419
371, 419
387, 419
419, 419
435, 419
443, 419
467, 419
475, 419
491, 419
499, 419
515, 419
571, 419
603, 419
643, 419
667, 419
683, 419
691, 419
715, 419
779, 419
803, 419
811, 419
867, 419
899, 419
955, 419
979, 419
995, 419
1003, 419
1011, 419
1027, 419
1035, 419
1099, 419
1115, 419
1139, 419
1155, 419
1171, 419
1187, 419
1259, 419
717, 420
697, 421
7, 423
63, 423
66, 423
79, 423
103, 423
111, 423
119, 423
127, 423
151, 423
183, 423
207, 423
319, 423
415, 423
423, 423
455, 423
463, 423
479, 423
487, 423
495, 423
511, 423
519, 423
551, 423
567, 423
575, 423
599, 423
607, 423
615, 423
631, 423
655, 423
719, 423
751, 423
759, 423
767, 423
775, 423
799, 423
847, 423
871, 423
911, 423
919, 423
927, 423
935, 423
951, 423
967, 423
991, 423
1015, 423
1039, 423
1047, 423
1055, 423
1071, 423
1079, 423
1103, 423
1111, 423
1167, 423
1215, 423
1255, 423
0, 424
8, 424
32, 424
48, 424
64, 424
80, 424
88, 424
128, 424
136, 424
160, 424
192, 424
200, 424
248, 424
304, 424
376, 424
384, 424
408, 424
432, 424
456, 424
488, 424
512, 424
560, 424
568, 424
592, 424
608, 424
656, 424
664, 424
672, 424
712, 424
720, 424
728, 424
752, 424
760, 424
784, 424
808, 424
832, 424
848, 424
872, 424
880, 424
896, 424
960, 424
976, 424
984, 424
1016, 424
1024, 424
1032, 424
1040, 424
1048, 424
1072, 424
1080, 424
1120, 424
1136, 424
1144, 424
1176, 424
1184, 424
1200, 424
1216, 424
1248, 424
1256, 424
1264, 424
1272, 424
144, 426
52, 428
60, 428
68, 428
100, 428
108, 428
116, 428
124, 428
132, 428
140, 428
164, 428
172, 428
196, 428
204, 428
228, 428
268, 428
276, 428
316, 428
324, 428
332, 428
340, 428
372, 428
380, 428
404, 428
444, 428
492, 428
500, 428
508, 428
548, 428
556, 428
572, 428
588, 428
596, 428
636, 428
644, 428
652, 428
660, 428
732, 428
748, 428
772, 428
780, 428
847, 428
916, 428
924, 428
932, 428
948, 428
972, 428
980, 428
1012, 428
1020, 428
1028, 428
1044, 428
1060, 428
1068, 428
1084, 428
1108, 428
1164, 428
1172, 428
1180, 428
1188, 428
1236, 428
3, 429
11, 429
43, 429
51, 429
91, 429
131, 429
147, 429
155, 429
195, 429
219, 429
243, 429
275, 429
307, 429
355, 429
371, 429
387, 429
419, 429
435, 429
443, 429
467, 429
475, 429
491, 429
499, 429
515, 429
571, 429
643, 429
667, 429
683, 429
691, 429
715, 429
779, 429
795, 429
803, 429
811, 429
891, 429
899, 429
955, 429
979, 429
995, 429
1003, 429
1011, 429
1027, 429
1035, 429
1099, 429
1115, 429
1139, 429
1144, 429
1155, 429
1171, 429
1187, 429
1259, 429
986, 430
289, 431
868, 431
1009, 432
7, 433
55, 433
63, 433
79, 433
103, 433
111, 433
119, 433
127, 433
151, 433
183, 433
207, 433
231, 433
287, 433
303, 433
319, 433
391, 433
415, 433
423, 433
439, 433
455, 433
463, 433
479, 433
487, 433
495, 433
511, 433
519, 433
551, 433
567, 433
575, 433
599, 433
607, 433
615, 433
631, 433
655, 433
695, 433
719, 433
751, 433
759, 433
767, 433
775, 433
799, 433
823, 433
847, 433
868, 433
871, 433
911, 433
919, 433
927, 433
935, 433
951, 433
967, 433
991, 433
1015, 433
1039, 433
1047, 433
1055, 433
1071, 433
1079, 433
1103, 433
1111, 433
1167, 433
1206, 433
1215, 433
1255, 433
0, 434
48, 434
64, 434
80, 434
88, 434
128, 434
136, 434
147, 434
160, 434
184, 434
192, 434
248, 434
256, 434
304, 434
376, 434
384, 434
408, 434
432, 434
456, 434
488, 434
512, 434
520, 434
560, 434
568, 434
592, 434
608, 434
656, 434
664, 434
672, 434
712, 434
720, 434
728, 434
752, 434
760, 434
784, 434
808, 434
832, 434
848, 434
872, 434
880, 434
896, 434
960, 434
976, 434
1016, 434
1024, 434
1032, 434
1040, 434
1072, 434
1080, 434
1120, 434
1136, 434
1144, 434
1176, 434
1184, 434
1200, 434
1216, 434
1248, 434
1256, 434
1264, 434
1272, 434
297, 436
599, 436
1026, 436
234, 437
52, 438
60, 438
68, 438
108, 438
116, 438
124, 438
132, 438
140, 438
148, 438
150, 438
164, 438
172, 438
196, 438
228, 438
268, 438
276, 438
316, 438
324, 438
332, 438
340, 438
372, 438
380, 438
404, 438
444, 438
492, 438
497, 438
500, 438
508, 438
548, 438
556, 438
572, 438
588, 438
596, 438
636, 438
644, 438
660, 438
732, 438
748, 438
780, 438
868, 438
892, 438
916, 438
924, 438
932, 438
948, 438
972, 438
980, 438
1012, 438
1020, 438
1028, 438
1044, 438
1060, 438
1084, 438
1108, 438
1164, 438
1172, 438
1180, 438
1188, 438
1236, 438
3, 439
11, 439
43, 439
51, 439
91, 439
131, 439
147, 439
155, 439
195, 439
219, 439
243, 439
275, 439
355, 439
371, 439
387, 439
419, 439
435, 439
443, 439
467, 439
475, 439
491, 439
499, 439
515, 439
571, 439
603, 439
643, 439
667, 439
683, 439
691, 439
715, 439
779, 439
803, 439
811, 439
891, 439
899, 439
955, 439
979, 439
995, 439
1011, 439
1027, 439
1035, 439
1083, 439
1099, 439
1115, 439
1139, 439
1155, 439
1171, 439
1187, 439
1259, 439
487, 441
7, 443
63, 443
79, 443
111, 443
119, 443
127, 443
151, 443
183, 443
207, 443
271, 443
303, 443
319, 443
415, 443
423, 443
455, 443
463, 443
479, 443
487, 443
495, 443
511, 443
519, 443
551, 443
567, 443
575, 443
599, 443
607, 443
615, 443
631, 443
655, 443
719, 443
751, 443
759, 443
767, 443
775, 443
799, 443
823, 443
847, 443
871, 443
911, 443
919, 443
927, 443
935, 443
951, 443
967, 443
991, 443
1015, 443
1039, 443
1047, 443
1055, 443
1071, 443
1079, 443
1103, 443
1111, 443
1167, 443
1215, 443
1239, 443
1255, 443
1279, 443
0, 444
32, 444
48, 444
64, 444
80, 444
88, 444
128, 444
136, 444
160, 444
192, 444
200, 444
248, 444
256, 444
304, 444
336, 444
376, 444
384, 444
408, 444
432, 444
488, 444
512, 444
520, 444
560, 444
568, 444
584, 444
592, 444
608, 444
656, 444
664, 444
672, 444
712, 444
720, 444
728, 444
752, 444
760, 444
784, 444
808, 444
832, 444
848, 444
864, 444
872, 444
880, 444
896, 444
960, 444
976, 444
984, 444
1016, 444
1024, 444
1032, 444
1040, 444
1048, 444
1064, 444
1072, 444
1080, 444
1120, 444
1136, 444
1144, 444
1176, 444
1184, 444
1200, 444
1216, 444
1248, 444
1256, 444
1264, 444
250, 446
70, 447
180, 447
455, 447
52, 448
60, 448
68, 448
108, 448
116, 448
124, 448
132, 448
140, 448
164, 448
172, 448
196, 448
204, 448
228, 448
268, 448
276, 448
315, 448
324, 448
332, 448
340, 448
372, 448
380, 448
404, 448
420, 448
444, 448
492, 448
500, 448
508, 448
548, 448
556, 448
572, 448
588, 448
596, 448
636, 448
644, 448
652, 448
660, 448
708, 448
732, 448
748, 448
780, 448
916, 448
924, 448
932, 448
948, 448
972, 448
980, 448
1012, 448
1020, 448
1028, 448
1044, 448
1060, 448
1084, 448
1108, 448
1164, 448
1172, 448
1180, 448
1236, 448
3, 449
11, 449
43, 449
51, 449
67, 449
91, 449
131, 449
147, 449
155, 449
195, 449
243, 449
251, 449
275, 449
283, 449
355, 449
371, 449
419, 449
435, 449
443, 449
467, 449
475, 449
491, 449
499, 449
515, 449
571, 449
603, 449
643, 449
667, 449
683, 449
691, 449
715, 449
779, 449
795, 449
803, 449
811, 449
899, 449
955, 449
979, 449
995, 449
1011, 449
1027, 449
1035, 449
1083, 449
1099, 449
1115, 449
1139, 449
1155, 449
1171, 449
1187, 449
1259, 449
15, 451
156, 452
7, 453
55, 453
63, 453
71, 453
79, 453
111, 453
119, 453
127, 453
151, 453
183, 453
207, 453
251, 453
303, 453
319, 453
415, 453
423, 453
439, 453
455, 453
463, 453
479, 453
487, 453
495, 453
511, 453
519, 453
551, 453
567, 453
575, 453
599, 453
607, 453
610, 453
615, 453
631, 453
655, 453
719, 453
751, 453
759, 453
767, 453
775, 453
799, 453
815, 453
823, 453
847, 453
871, 453
911, 453
919, 453
927, 453
935, 453
951, 453
967, 453
991, 453
1015, 453
1047, 453
1055, 453
1071, 453
1079, 453
1103, 453
1111, 453
1167, 453
1215, 453
1255, 453
0, 454
8, 454
48, 454
64, 454
80, 454
88, 454
128, 454
136, 454
160, 454
192, 454
200, 454
240, 454
248, 454
256, 454
376, 454
384, 454
408, 454
432, 454
456, 454
488, 454
512, 454
520, 454
560, 454
568, 454
592, 454
608, 454
656, 454
664, 454
672, 454
696, 454
712, 454
720, 454
728, 454
752, 454
760, 454
784, 454
808, 454
832, 454
848, 454
864, 454
872, 454
880, 454
896, 454
960, 454
976, 454
984, 454
1016, 454
1024, 454
1032, 454
1040, 454
1048, 454
1064, 454
1072, 454
1080, 454
1136, 454
1144, 454
1176, 454
1184, 454
1200, 454
1216, 454
1248, 454
1256, 454
1264, 454
1272, 454
141, 456
981, 457
52, 458
60, 458
68, 458
108, 458
116, 458
124, 458
132, 458
140, 458
164, 458
172, 458
196, 458
204, 458
228, 458
268, 458
276, 458
324, 458
332, 458
372, 458
380, 458
404, 458
444, 458
492, 458
500, 458
508, 458
548, 458
556, 458
572, 458
588, 458
596, 458
636, 458
644, 458
660, 458
732, 458
748, 458
780, 458
892, 458
916, 458
924, 458
932, 458
948, 458
972, 458
980, 458
1012, 458
1020, 458
1028, 458
1044, 458
1060, 458
1084, 458
1108, 458
1115, 458
1164, 458
1172, 458
1180, 458
1188, 458
1236, 458
3, 459
11, 459
43, 459
51, 459
67, 459
91, 459
131, 459
147, 459
155, 459
163, 459
195, 459
219, 459
275, 459
283, 459
355, 459
371, 459
387, 459
419, 459
435, 459
443, 459
467, 459
475, 459
491, 459
499, 459
515, 459
571, 459
599, 459
603, 459
643, 459
667, 459
683, 459
715, 459
779, 459
795, 459
803, 459
811, 459
899, 459
900, 459
955, 459
979, 459
995, 459
1003, 459
1011, 459
1027, 459
1035, 459
1099, 459
1115, 459
1121, 459
1139, 459
1155, 459
1171, 459
1187, 459
1259, 459
445, 460
499, 460
721, 460
334, 461
337, 462
7, 463
63, 463
79, 463
103, 463
111, 463
119, 463
127, 463
151, 463
183, 463
207, 463
215, 463
287, 463
303, 463
319, 463
415, 463
423, 463
455, 463
463, 463
479, 463
487, 463
495, 463
511, 463
519, 463
551, 463
560, 463
567, 463
575, 463
599, 463
607, 463
615, 463
631, 463
655, 463
719, 463
751, 463
759, 463
767, 463
768, 463
775, 463
799, 463
823, 463
847, 463
871, 463
911, 463
919, 463
927, 463
935, 463
951, 463
967, 463
991, 463
1015, 463
1039, 463
1047, 463
1055, 463
1071, 463
1079, 463
1103, 463
1111, 463
1167, 463
1183, 463
1199, 463
1215, 463
1255, 463
1279, 463
0, 464
8, 464
32, 464
48, 464
64, 464
80, 464
88, 464
128, 464
136, 464
160, 464
192, 464
200, 464
248, 464
304, 464
328, 464
336, 464
376, 464
384, 464
408, 464
432, 464
441, 464
456, 464
488, 464
512, 464
560, 464
568, 464
592, 464
608, 464
656, 464
664, 464
672, 464
712, 464
720, 464
728, 464
752, 464
760, 464
784, 464
808, 464
832, 464
848, 464
864, 464
872, 464
880, 464
896, 464
976, 464
1016, 464
1024, 464
1032, 464
1040, 464
1048, 464
1064, 464
1072, 464
1080, 464
1136, 464
1144, 464
1176, 464
1184, 464
1200, 464
1216, 464
1248, 464
1256, 464
1264, 464
1272, 464
87, 465
1209, 467
52, 468
60, 468
68, 468
100, 468
108, 468
116, 468
124, 468
132, 468
140, 468
148, 468
164, 468
172, 468
196, 468
204, 468
228, 468
268, 468
276, 468
316, 468
324, 468
332, 468
340, 468
372, 468
380, 468
404, 468
444, 468
492, 468
500, 468
508, 468
548, 468
556, 468
572, 468
588, 468
596, 468
636, 468
644, 468
652, 468
660, 468
732, 468
748, 468
780, 468
916, 468
924, 468
932, 468
948, 468
972, 468
980, 468
1012, 468
1020, 468
1028, 468
1044, 468
1060, 468
1084, 468
1108, 468
1164, 468
1172, 468
1180, 468
1188, 468
1236, 468
3, 469
11, 469
43, 469
51, 469
67, 469
91, 469
131, 469
147, 469
155, 469
195, 469
204, 469
219, 469
243, 469
275, 469
290, 469
355, 469
371, 469
419, 469
426, 469
435, 469
443, 469
467, 469
475, 469
491, 469
499, 469
571, 469
603, 469
643, 469
667, 469
683, 469
691, 469
715, 469
779, 469
795, 469
803, 469
811, 469
891, 469
899, 469
955, 469
979, 469
995, 469
1011, 469
1027, 469
1035, 469
1099, 469
1115, 469
1139, 469
1155, 469
1171, 469
1187, 469
1259, 469
448, 470
433, 471
638, 471
1141, 471
740, 472
809, 472
7, 473
63, 473
79, 473
103, 473
111, 473
119, 473
127, 473
151, 473
183, 473
207, 473
287, 473
303, 473
319, 473
415, 473
423, 473
439, 473
455, 473
463, 473
479, 473
487, 473
495, 473
511, 473
519, 473
551, 473
567, 473
575, 473
599, 473
607, 473
615, 473
631, 473
655, 473
689, 473
719, 473
751, 473
767, 473
775, 473
799, 473
815, 473
847, 473
855, 473
871, 473
911, 473
919, 473
927, 473
935, 473
951, 473
967, 473
991, 473
1015, 473
1039, 473
1047, 473
1055, 473
1071, 473
1079, 473
1103, 473
1111, 473
1167, 473
1215, 473
1255, 473
0, 474
32, 474
48, 474
64, 474
80, 474
88, 474
108, 474
128, 474
136, 474
160, 474
192, 474
248, 474
376, 474
384, 474
408, 474
432, 474
456, 474
488, 474
512, 474
560, 474
568, 474
592, 474
608, 474
656, 474
664, 474
672, 474
712, 474
720, 474
728, 474
752, 474
760, 474
784, 474
808, 474
832, 474
848, 474
872, 474
880, 474
896, 474
960, 474
976, 474
984, 474
1016, 474
1024, 474
1032, 474
1040, 474
1072, 474
1080, 474
1136, 474
1144, 474
1184, 474
1200, 474
1216, 474
1248, 474
1256, 474
1264, 474
1272, 474
577, 476
417, 477
52, 478
60, 478
68, 478
108, 478
116, 478
124, 478
132, 478
140, 478
145, 478
148, 478
164, 478
172, 478
196, 478
228, 478
268, 478
276, 478
324, 478
332, 478
340, 478
364, 478
372, 478
380, 478
404, 478
444, 478
492, 478
500, 478
508, 478
548, 478
556, 478
572, 478
588, 478
596, 478
636, 478
644, 478
652, 478
660, 478
732, 478
748, 478
780, 478
916, 478
924, 478
932, 478
948, 478
972, 478
980, 478
1012, 478
1020, 478
1028, 478
1044, 478
1060, 478
1084, 478
1108, 478
1164, 478
1172, 478
1180, 478
1188, 478
1192, 478
1236, 478
3, 479
11, 479
43, 479
51, 479
91, 479
131, 479
147, 479
155, 479
179, 479
195, 479
219, 479
243, 479
275, 479
283, 479
355, 479
371, 479
387, 479
419, 479
428, 479
435, 479
443, 479
467, 479
475, 479
491, 479
499, 479
515, 479
571, 479
603, 479
643, 479
667, 479
683, 479
691, 479
715, 479
779, 479
803, 479
811, 479
899, 479
955, 479
979, 479
995, 479
1003, 479
1011, 479
1027, 479
1035, 479
1099, 479
1115, 479
1139, 479
1155, 479
1171, 479
1187, 479
1259, 479
1126, 480
445, 481
7, 483
63, 483
79, 483
111, 483
119, 483
127, 483
151, 483
183, 483
207, 483
303, 483
315, 483
319, 483
364, 483
415, 483
423, 483
455, 483
463, 483
479, 483
487, 483
495, 483
511, 483
519, 483
551, 483
567, 483
575, 483
599, 483
607, 483
615, 483
631, 483
655, 483
719, 483
751, 483
759, 483
767, 483
775, 483
799, 483
823, 483
847, 483
871, 483
911, 483
919, 483
927, 483
935, 483
951, 483
967, 483
991, 483
1015, 483
1039, 483
1047, 483
1055, 483
1071, 483
1079, 483
1103, 483
1111, 483
1167, 483
1215, 483
1255, 483
0, 484
48, 484
64, 484
80, 484
88, 484
128, 484
136, 484
160, 484
192, 484
200, 484
248, 484
304, 484
376, 484
384, 484
408, 484
432, 484
456, 484
488, 484
512, 484
520, 484
560, 484
568, 484
584, 484
592, 484
608, 484
656, 484
664, 484
672, 484
712, 484
720, 484
728, 484
752, 484
760, 484
784, 484
808, 484
832, 484
848, 484
872, 484
880, 484
896, 484
976, 484
984, 484
1016, 484
1024, 484
1032, 484
1040, 484
1048, 484
1072, 484
1080, 484
1120, 484
1136, 484
1144, 484
1176, 484
1184, 484
1200, 484
1216, 484
1248, 484
1256, 484
1264, 484
1272, 484
223, 485
592, 485
627, 485
674, 486
53, 487
777, 487
877, 487
1025, 487
1063, 487
52, 488
60, 488
68, 488
108, 488
116, 488
124, 488
132, 488
140, 488
148, 488
164, 488
172, 488
196, 488
204, 488
228, 488
268, 488
276, 488
316, 488
324, 488
332, 488
340, 488
364, 488
372, 488
380, 488
404, 488
444, 488
492, 488
500, 488
508, 488
548, 488
556, 488
572, 488
588, 488
596, 488
601, 488
636, 488
644, 488
660, 488
732, 488
748, 488
780, 488
892, 488
916, 488
924, 488
932, 488
946, 488
948, 488
972, 488
980, 488
1012, 488
1020, 488
1028, 488
1044, 488
1060, 488
1084, 488
1108, 488
1164, 488
1172, 488
1180, 488
1188, 488
1236, 488
3, 489
11, 489
43, 489
51, 489
84, 489
91, 489
131, 489
147, 489
155, 489
195, 489
219, 489
243, 489
251, 489
275, 489
283, 489
355, 489
371, 489
387, 489
419, 489
435, 489
443, 489
467, 489
475, 489
491, 489
499, 489
515, 489
571, 489
603, 489
643, 489
667, 489
683, 489
691, 489
715, 489
779, 489
803, 489
811, 489
899, 489
955, 489
979, 489
990, 489
995, 489
1003, 489
1011, 489
1027, 489
1035, 489
1099, 489
1115, 489
1139, 489
1155, 489
1171, 489
1179, 489
1187, 489
1259, 489
137, 490
7, 493
63, 493
79, 493
103, 493
111, 493
119, 493
127, 493
132, 493
151, 493
183, 493
207, 493
319, 493
351, 493
415, 493
423, 493
439, 493
455, 493
463, 493
479, 493
487, 493
495, 493
499, 493
511, 493
519, 493
551, 493
567, 493
575, 493
607, 493
615, 493
631, 493
655, 493
719, 493
735, 493
751, 493
759, 493
767, 493
775, 493
799, 493
823, 493
847, 493
911, 493
919, 493
927, 493
935, 493
951, 493
967, 493
991, 493
1015, 493
1039, 493
1047, 493
1055, 493
1071, 493
1079, 493
1103, 493
1111, 493
1167, 493
1199, 493
1215, 493
1239, 493
1255, 493
0, 494
48, 494
64, 494
80, 494
88, 494
128, 494
136, 494
160, 494
192, 494
200, 494
248, 494
304, 494
336, 494
376, 494
384, 494
408, 494
432, 494
456, 494
488, 494
512, 494
520, 494
560, 494
568, 494
584, 494
587, 494
592, 494
608, 494
656, 494
664, 494
672, 494
696, 494
712, 494
720, 494
728, 494
752, 494
760, 494
784, 494
808, 494
832, 494
848, 494
864, 494
872, 494
880, 494
896, 494
960, 494
976, 494
1016, 494
1024, 494
1032, 494
1040, 494
1048, 494
1064, 494
1072, 494
1080, 494
1120, 494
1136, 494
1144, 494
1176, 494
1184, 494
1200, 494
1216, 494
1248, 494
1256, 494
1264, 494
156, 495
290, 495
1119, 495
1170, 496
1237, 496
52, 498
60, 498
68, 498
100, 498
108, 498
116, 498
124, 498
132, 498
140, 498
164, 498
172, 498
196, 498
204, 498
228, 498
268, 498
276, 498
284, 498
324, 498
332, 498
340, 498
372, 498
380, 498
404, 498
444, 498
469, 498
492, 498
500, 498
508, 498
548, 498
556, 498
572, 498
588, 498
596, 498
636, 498
644, 498
652, 498
660, 498
732, 498
747, 498
748, 498
780, 498
800, 498
916, 498
924, 498
932, 498
948, 498
972, 498
980, 498
1012, 498
1020, 498
1028, 498
1044, 498
1060, 498
1084, 498
1108, 498
1164, 498
1172, 498
1180, 498
1188, 498
1236, 498
3, 499
11, 499
43, 499
51, 499
91, 499
131, 499
147, 499
155, 499
179, 499
195, 499
219, 499
243, 499
275, 499
355, 499
371, 499
387, 499
419, 499
435, 499
443, 499
467, 499
475, 499
491, 499
499, 499
571, 499
603, 499
643, 499
667, 499
683, 499
691, 499
700, 499
715, 499
779, 499
795, 499
803, 499
811, 499
824, 499
899, 499
955, 499
979, 499
995, 499
1011, 499
1027, 499
1035, 499
1099, 499
1115, 499
1139, 499
1155, 499
1171, 499
1187, 499
1259, 499
427, 501
1098, 502
7, 503
63, 503
79, 503
111, 503
119, 503
127, 503
151, 503
183, 503
207, 503
287, 503
303, 503
319, 503
391, 503
415, 503
423, 503
439, 503
452, 503
455, 503
463, 503
479, 503
487, 503
495, 503
511, 503
519, 503
551, 503
567, 503
575, 503
599, 503
607, 503
615, 503
631, 503
655, 503
719, 503
751, 503
759, 503
767, 503
775, 503
799, 503
815, 503
847, 503
871, 503
911, 503
919, 503
927, 503
935, 503
951, 503
967, 503
991, 503
1015, 503
1039, 503
1047, 503
1055, 503
1071, 503
1079, 503
1103, 503
1111, 503
1167, 503
1215, 503
1255, 503
0, 504
32, 504
48, 504
64, 504
72, 504
80, 504
88, 504
128, 504
136, 504
160, 504
192, 504
248, 504
304, 504
336, 504
376, 504
384, 504
408, 504
432, 504
456, 504
488, 504
512, 504
520, 504
560, 504
568, 504
592, 504
608, 504
656, 504
664, 504
672, 504
696, 504
712, 504
720, 504
728, 504
752, 504
760, 504
784, 504
808, 504
832, 504
848, 504
872, 504
880, 504
896, 504
960, 504
976, 504
984, 504
1016, 504
1024, 504
1032, 504
1040, 504
1048, 504
1064, 504
1072, 504
1080, 504
1120, 504
1136, 504
1144, 504
1184, 504
1200, 504
1216, 504
1248, 504
1256, 504
1264, 504
1272, 504
287, 505
471, 505
1146, 505
452, 507
524, 507
577, 507
893, 507
929, 507
52, 508
60, 508
68, 508
100, 508
108, 508
116, 508
124, 508
132, 508
140, 508
164, 508
172, 508
196, 508
228, 508
268, 508
276, 508
316, 508
324, 508
332, 508
340, 508
372, 508
380, 508
404, 508
444, 508
492, 508
500, 508
508, 508
529, 508
548, 508
556, 508
572, 508
588, 508
596, 508
636, 508
644, 508
660, 508
732, 508
748, 508
780, 508
892, 508
916, 508
924, 508
932, 508
948, 508
972, 508
980, 508
1012, 508
1020, 508
1028, 508
1044, 508
1060, 508
1084, 508
1108, 508
1164, 508
1172, 508
1180, 508
1188, 508
1236, 508
3, 509
11, 509
43, 509
51, 509
91, 509
131, 509
147, 509
155, 509
179, 509
195, 509
219, 509
243, 509
275, 509
283, 509
355, 509
371, 509
419, 509
435, 509
443, 509
467, 509
475, 509
491, 509
499, 509
515, 509
571, 509
603, 509
643, 509
667, 509
683, 509
691, 509
715, 509
779, 509
803, 509
811, 509
899, 509
955, 509
979, 509
995, 509
1003, 509
1011, 509
1027, 509
1035, 509
1099, 509
1115, 509
1139, 509
1142, 509
1155, 509
1171, 509
1187, 509
1259, 509
645, 510
1068, 510
156, 511
720, 511
1005, 512
410, 513
508, 516
1093, 519
43, 520
614, 520
265, 521
2, 524
504, 524
818, 524
1108, 524
429, 525
578, 525
818, 526
927, 527
1187, 527
269, 528
466, 528
1017, 528
287, 530
714, 530
1069, 531
1178, 531
734, 533
1094, 533
1254, 534
261, 535
372, 537
177, 538
157, 539
689, 539
903, 539
988, 539
584, 540
631, 541
380, 542
497, 542
525, 543
611, 543
802, 548
73, 550
950, 550
1162, 550
348, 551
1241, 551
227, 552
222, 553
1179, 554
314, 555
792, 556
3, 557
292, 557
334, 557
459, 557
8, 558
1204, 561
355, 563
1100, 564
1043, 567
385, 568
630, 568
757, 569
506, 573
1113, 573
689, 574
762, 574
1035, 574
1152, 575
130, 576
405, 576
687, 576
118, 577
712, 578
274, 579
385, 579
432, 579
245, 580
771, 580
980, 580
76, 582
1015, 582
626, 583
205, 584
1262, 584
190, 585
562, 585
985, 585
1127, 585
205, 586
829, 586
217, 588
369, 588
883, 588
467, 589
315, 590
854, 590
1054, 591
1021, 592
760, 593
1270, 593
93, 594
253, 594
580, 594
746, 594
134, 595
144, 595
494, 595
1161, 595
331, 596
165, 597
198, 597
417, 597
452, 597
1041, 597
610, 599
1203, 599
1107, 600
1219, 600
777, 601
312, 603
572, 604
974, 606
558, 608
602, 608
1093, 608
254, 609
1078, 610
310, 611
1166, 612
742, 613
883, 613
865, 614
436, 615
524, 615
715, 615
819, 615
946, 615
1119, 615
394, 616
624, 616
1038, 616
46, 617
278, 617
156, 618
297, 618
785, 618
161, 620
915, 620
109, 622
297, 622
665, 622
981, 622
1112, 622
507, 623
612, 623
800, 625
981, 625
422, 626
615, 626
1119, 627
936, 628
233, 629
499, 629
796, 631
826, 631
849, 631
233, 632
478, 632
721, 632
1129, 632
349, 635
613, 635
15, 636
71, 641
185, 641
1006, 641
1158, 641
1203, 642
685, 643
923, 643
676, 646
564, 647
932, 649
1120, 649
457, 650
1057, 652
624, 653
878, 654
112, 655
246, 656
1103, 656
554, 657
833, 657
223, 658
319, 659
894, 660
1149, 660
366, 663
730, 664
1023, 664
305, 665
1137, 665
579, 666
668, 666
1086, 666
1208, 667
504, 668
950, 669
1049, 669
187, 670
677, 671
925, 671
725, 673
107, 675
401, 676
1051, 676
1100, 676
884, 677
747, 678
142, 679
860, 679
894, 679
911, 679
154, 680
211, 680
782, 683
72, 684
627, 684
912, 684
1215, 684
473, 685
544, 685
816, 685
826, 685
219, 686
980, 686
1121, 686
654, 687
1076, 687
947, 688
355, 689
463, 689
891, 690
942, 691
1018, 691
321, 692
955, 692
1259, 692
925, 693
1004, 694
191, 695
697, 695
718, 695
142, 697
227, 697
1055, 697
471, 700
563, 701
508, 702
804, 702
89, 703
306, 703
1193, 703
6, 705
1118, 705
141, 706
297, 706
322, 706
714, 706
788, 706
984, 706
1028, 706
411, 707
1173, 707
531, 708
824, 708
1108, 710
347, 711
654, 711
186, 714
264, 714
399, 714
770, 714
836, 714
1078, 715
1263, 715
101, 716
421, 716
1144, 716
1210, 716
1032, 717
625, 718
111, 719
529, 719
